86
370
1048
63
176
288
162
88
61
48
178
61
45
66
103
42
1052
79
168
59
66
56
145
58
89
68
125
76
71
174
100
144
83
124
112
107
121
118
113
142
909
1119
23
379
1510
75
106
86
572
82
133
177
149
71
112
62
88
60
83
50
1787
627
709
227
232
114
57
1782
55
55
76
93
59
93
117
87
67
86
81
132
92
76
76
112
54
112
120
259
280
94
66
607
162
79
79
82
87
79
102
100
232
69
85
151
235
132
78
285
186
100
273
373
115
141
120
75
258
121
89
67
121
175
100
148
119
161
119
609
104
258
113
138
139
159
155
143
71
99
96
156
127
182
124
124
142
50
113
247
182
167
172
86
658
109
622
93
108
169
171
170
386
176
126
117
283
122
177
235
173
100
74
144
143
78
128
170
147
98
103
294
184
298
4254
430
3111
199
61
82
131
216
301
167
219
235
638
179
228
290
192
292
480
217
183
298
349
222
384
856
602
872
600
74
2079
267
44
87
173
69
31
43
2566
81
15
57
2567
17
18
15
18
10
14
9
109
28
12
8
13
23
9
17
21
12
116
26
22
14
8
8
14
17
34
16
35
12
27
48
5
11
21
0
33
0
0
5
4
0
24
0
4
1
0
1
54
3
2
7
0
0
0
0
2
0
5
1
3
15
1
34
5
7
0
20
0
6
8
1
11
7
2
2
5
13
11
5
12
0
6
3
10
1
7
4
15
4
2
22
7
10
7
369
14
38
25
5
8
16
5
6
3
10
8
10
0
13
23
0
12
6
13
0
0
7
0
6
4
9
4
3
2
0
11
0
1
0
1
2
13
4
21
3
4
1
10
3
2
4
1
1
13
1
5
1
1
1
1
67
1
3
2
3
10
1
1
1
3
0
1
0
1
6
9
11
4
4
11
13
16
3
0
2
5
0
0
1
11
0
2
0
0
3
2
0
0
1
0
2
2
0
0
3
4
1
10
4
1
7
1
0
1
8
5
0
0
4
1
2
2
4
2
1
1
1
2
2
2
0
56
0
0
0
229
2
12
31
1
2
3
0
5
0
2
6
9
1
0
2
1
2
43
1
186
23
2
0
3
17
3
13
9
34
30
24
15
39
1
34
5
3
1
6
3
12
1
7
18
26
13
7
26
38
40
55
17
10
20
4
12
9
0
26
10
15
7
5
8
0
0
8
9
2
38
7
28
44
81
44
7
10
8
0
5
2
1
1
2
14
3
3
13
5
3
31
8
3
1
4
3
1
3
24
44
3
1
0
4
2
0
3
1
0
0
5
7
16
2
0
13
4
7
6
5
2
0
0
35
53
2
30
57
30
3
23
28
39
44
63
61
5
5
28
17
26
15
5
17
5
8
1
5
8
9
2
6
11
1
2
5
1
0
2
1
6
2
16
10
11
8
17
35
22
53
13
16
20
2
90
17
8
15
7
0
70
2
3
27
8
8
17
5
16
6
23
6
11
16
6
4
26
40
2
5
2
16
39
9
13
6
8
38
14
24
0
16
18
18
6
3
24
2
7
9
4
6
3
10
7
32
20
24
4
17
7
1
14
6
28
0
24
8
27
11
17
6
85
71
21
19
12
8
7
5
17
122
10
9
16
18
32
3
11
7
1
0
4
1
35
0
4
0
3
0
29
14
14
8
2
9
4
9
5
0
10
11
0
7
21
28
63
17
16
17
13
7
2
6
7
9
5
25
20
10
47
15
13
17
25
15
14
10
12
10
15
27
7
57
5
33
59
16
18
0
54
37
12
65
71
62
53
72
55
126
15
12
43
21
12
41
45
97
23
14
19
26
29
17
104
86
93
25
21
68
56
90
80
69
68
59
11
139
28
1444
20
19
28
12
23
72
35
88
113
59
26
26
29
39
46
22
42
12
40
31
117
28
34
16
57
10
32
33
17
27
5
43
97
22
24
102
143
37
48
15
16
13
12
42
41
6
38
23
80
14
37
10
24
24
20
5
63
47
33
39
37
25
4
31
1
43
21
18
35
35
8
34
7
5
22
26
13
7
7
0
4
5
6
9
5
505
7
11
20
11
7
7
12
7
21
30
22
21
23
3
1
23
16
1
8
13
8
7
12
11
13
119
119
36
15
10
19
168
65
36
140
27
102
136
137
12
130
6
172
108
115
115
7
150
35
99
9
136
16
23
112
28
144
134
2
115
110
18
9
10
14
50
0
15
11
4
4
12
8
8
6
7
17
8
35
13
33
13
16
25
0
4
12
31
14
7
5
1
28
8
65
13
111
235
6
26
10
3
7
26
38
2
2
0
5
0
13
8
4
5
4
4
3
6
14
18
21
10
21
13
31
4
0
2
8
0
0
75
1
3
15
2
4
21
42
38
22
9
6
12
20
0
3
4
20
9
1
5
6
18
45
42
3
2
3
1
19
3
5
5
3
3
6
3
22
7
11
17
10
9
10
4
18
25
4
9
17
14
6
15
2025
15
34
34
36
1218
30
21
6
50
1288
223
514
30
1058
9
30
26
14
14
49
14
11
7
36
11
214
0
7
8
9
47
0
39
49
283
549
60
248
10
2724
5
20
11
16
27
17
61
82
123
44
128
111
38
205
271
63
1
62
8
19
24
127
1082
75
56
1301
73
136
13
3779
4685
3667
126
3
14
30
1121
33
1024
13
132
105
614
5
1
24
70
51
24
10
122
1332
688
114
1078
207
388
86
109
1275
1646
19
78
461
328
345
3280
281
164
1781
1135
611
102
578
908
632
660
93
494
437
279
160
112
185
184
95
188
138
149
158
181
192
132
577
302
2210
135
143
128
966
250
264
192
206
2789
654
425
233
353
816
3022
2276
212
211
1816
373
252
739
499
226
204
225
350
252
291
410
237
265
1242
1146
2185
323
1110
975
272
384
293
700
969
462
302
484
238
376
822
245
893
226
411
821
404
1378
790
162
286
243
341
304
1316
260
1471
250
261
158
628
270
119
323
1104
174
169
180
153
247
288
1227
2470
108
167
135
225
197
187
484
185
654
246
177
177
204
165
121
135
216
171
99
1121
871
71
186
444
164
1899
109
200
148
173
150
87
145
152
89
172
2269
122
149
544
77
1119
1098
144
92
97
94
88
87
123
70
196
348
128
122
170
286
152
130
149
150
154
110
129
231
230
98
100
133
96
102
191
99
137
58
67
109
115
117
105
93
189
130
133
95
69
77
74
13340
1098
637
92
60
82
67
3066
178
98
554
65
823
86
77
96
113
142
50
99
77
12068
2728
141
133
211
207
69
61
583
1083
89
63
150
121
119
61
69
74
72
147
112
87
97
278
84
4799
4208
140
129
400
88
208
187
119
167
74
68
264
81
91
91
119
170
128
78
119
94
137
5030
232
110
190
90
211
297
151
129
134
93
66
108
120
137
1663
1201
1245
152
104
630
89
1809
131
402
171
130
121
882
114
76
933
79
102
115
922
422
1220
216
107
124
260
318
228
103
1147
142
139
517
177
73
611
112
119
111
2413
928
454
193
5927
251
280
1183
209
97
1014
72
98
84
78
75
92
596
90
1448
462
228
88
70
109
172
179
236
1610
82
1085
111
110
164
78
110
164
131
182
227
138
174
1970
711
657
737
127
330
130
219
221
128
122
146
544
319
310
393
2527
583
367
867
3088
1216
2258
439
185
103
159
3068
82
52
54
2130
300
1183
363
272
386
1629
115
26
32
20
24
18
234
147
25
29
34
106
16
39
40
18
30
51
24
35
98
6
30
27
105
27
19
39
424
16
2
16
92
19
6
9
5
1
0
6
6
2
0
5
58
78
49
1
0
14
13
38
13
1
3
0
2
61
5
2
39
15
12
25
19
17
11
10
11
15
24
10
3
11
13
11
3
7
7
0
7
6
24
4
3
81
71
61
0
4
19
4
31
4
152
0
84
81
91
18
13
1
110
22
85
0
6
19
24
0
10
7
0
0
1
0
0
7
17
2
14
2
12
20
30
10
12
15
73
35
6
2
34
111
0
17
7
10
130
68
65
3
33
22
19
61
15
12
51
22
5
23
1
18
26
19
4
2
153
6
2
12
15
12
61
100
59
119
12
3
10
20
72
29
9
5
17
42
6
26
18
23
15
29
12
3
11
5
12
2
48
20
3
13
15
0
1
9
3
16
2
4
6
5
4
2
6
21
5
1
2
13
0
1
171
0
1
1
9
2
26
3
4
2
4
0
1
7
2
21
8
0
2
29
4
2
1
0
15
0
5
15
2
0
1
2
7
9
5
9
0
2
3
1
3
1
1
0
0
4
30
1
33
6
23
5
3
1
1
4
2
5
16
2
2
0
65
10
0
10
3
3
4
2
45
1
2
1
2
3
3
2
1
11
0
1
5
0
4
80
1
0
0
0
0
0
1
0
0
1
0
0
0
11
0
17
0
0
2
3
3
9
2
0
2
1
0
4
5
15
0
79
0
2
1
1
0
1
2
0
0
13
6
0
0
0
0
0
45
13
22
0
10
10
0
6
1
2
2
3
6
2
3
0
2
3
4
0
1
1
0
10
3
10
0
1
2
0
6
0
1
11
7
5
3
0
2
1
0
2
1
1
1
1
0
1
21
14
0
10
0
0
4
6
4
0
2
0
2
0
15
2
4
0
2
0
2
2
10
0
1
2
5
10
1
1
2
0
5
8
37
3
40
6
100
81
2
8
4
6
58
18
78
3
16
11
6
8
2
12
46
24
5
19
1
12
19
42
2
11
0
6
14
12
4
3
17
50
0
4
6
1
5
124
20
14
3
2
1
0
2338
0
1
6
41
17
6
20
2
18
7
0
181
37
3
26
2
18
1
5
1
14
18
55
26
1
12
18
69
46
22
24
24
134
78
28
45
16
13
67
69
7
5
6
8
10
56
3
8
31
10
47
194
15
0
48
73
3
16
34
55
9
9
3
24
4
9
2
9
4
39
2
11
3
111
7
0
7
4
15
3
7
232
1
1
4
15
0
111
291
247
50
36
17
33
1
31
89
5
12
23
16
79
54
89
252
27
13
17
9
5
3
4
13
651
1
0
30
6
18
529
124
14
42
12
247
634
128
61
804
78
375
3
6
35
37
16
0
127
3732
25
95
23
43
25
1
0
0
7
21
107
53
29
2
56
89
5
0
23
25
55
17
100
94
39
8
106
154
110
101
191
0
50
11
14
21
69
8
6
11
76
4
4
11
123
1
15
11
9
7
42
17
5
13
37
1
10
130
11
4
12
14
66
9
38
5
139
104
18
190
10
3
1001
4
6
9
19
12
6
4
10
36
4
6
136
8
30
136
40
19
56
77
23
1
2
1
16
3
19
0
18
4
22
9
3
43
106
0
3
14
1
83
6
8
23
12
9
40
18
0
36
8
9
126
62
6
498
8
0
67
21
28
10
3
12
6
8
96
11
16
2
2
58
12
32
29
10
7
2
7
4
8
26
6
13
49
32
20
4
196
14
14
12
125
45
42
16
5
49
6
1
3
0
17
79
12
10
43
28
68
62
6
10
7
1
90
19
53
14
19
27
12
170
2
48
38
259
34
20
12
67
25
0
68
16763
22
138
16
49
38
1829
81
0
2
64
64
26
25
44
21
8
1518
5
513
13
609
12
10
11
1556
24
72
26
36
18
149
128
106
3
760
16
10
32
7
89
23
114
34
40
113
534
94
60
90
918
21
16
10
41
53
38
44
42
124
37
17
23
64
739
106
54
42
1961
32
13
40
158
42
104
5024
54
204
56
39
62
58
120
519
86
141
519
268
212
55
208
96
723
160
54
224
135
73
69
161
40
36
109
87
18340
85
41
410
1017
408
253
150
184
159
56
222
110
1106
60
315
148
146
178
73
934
216
150
188
759
1255
399
145
251
334
309
2375
3286
1717
2261
593
19834
1129
1632
2448
932
790
1469
846
842
9246
2874
2232
2692
869
1771
564
599
580
508
722
516
340
363
436
5313
625
1107
902
13015
456
474
419
589
6067
10697
16289
893
727
594
2071
1222
519
570
676
880
445
694
254
287
327
286
614
2966
1552
1101
1194
2977
5303
670
580
555
1100
648
736
718
844
705
279
292
1003
1271
651
896
643
6098
401
939
390
3085
386
505
658
312
462
783
960
1627
2074
422
600
837
788
531
947
863
1319
431
425
698
619
2210
826
372
434
189
274
367
271
269
1062
162
286
414
457
450
767
1584
1263
799
973
1070
1048
983
668
654
567
565
613
570
719
830
4764
507
792
463
608
756
471
2598
702
5238
1338
2148
328
594
1665
36976
5732
812
614
592
5688
1230
439
285
1177
748
551
475
201
243
642
681
550
866
669
561
486
1582
934
253
437
1524
315
3719
306
517
325
275
1020
528
245
168
499
333
369
324
305
383
252
945
313
264
359
8042
281
817
871
455
175
267
260
12296
229
313
2040
935
754
1628
389
724
533
1499
227
649
535
1007
447
1215
1229
762
722
401
246
169
767
466
588
426
392
626
371
248
144
199
491
1144
634
799
1175
311
153
758
4175
293
170
274
222
301
321
845
703
732
536
731
1103
559
1132
347
605
519
592
948
785
372
262
492
581
2792
444
155
5653
223
375
419
553
556
230
293
291
209
349
232
259
233
286
905
726
6810
483
617
448
621
243
874
589
772
275
538
317
236
578
652
1943
355
1290
942
693
728
331
1697
701
576
495
448
278
638
1652
242
345
192
435
241
2627
2134
1081
507
1095
357
317
482
461
341
596
628
406
234
433
558
574
744
799
1862
309
347
227
647
1181
540
1663
872
2788
272
1308
2549
590
507
449
1980
556
596
561
172
711
279
687
377
319
1101
464
1811
144
236
618
458
1458
1361
1985
844
8367
5330
2053
1722
2161
5937
14169
1357
10268
2191
1275
2703
1147
1247
1473
1166
2218
1718
3510
2055
5320
1114
202
30
140
20
150
30
37
38
61
42
36
39
32
104
75
57
27
27
23
30
42
49
17
43
42
408
29
665
86
283
91
165
251
38
204
310
4
169
79
23
39
105
32
7
53
30
0
57
2308
6
83
10
4
0
2
0
0
27
4
2
37
122
21
214
52
84
41
295
0
100
295
33
11
72
126
71
158
142
55
135
56
5
68
77
19
15
59
34
23
884
312
191
318
111
65
153
69
137
60
121
157
218
339
354
216
134
51
171
165
111
70
79
3
54
16
106
29
231
192
193
300
277
135
119
237
399
175
19
50
364
0
12
241
139
73
105
195
53
19
154
4
81
56
49
88
128
71
39
117
135
20
73
2
47
75
90
92
84
23
135
15
17
51
31
119
8
45
106
82
41
120
36
29
40
24
1
41
91
10
52
49
22
1
38
137
138
179
1
93
92
73
39
115
59
73
87
122
174
0
198
57
235
34
45
150
137
115
58
102
323
98
62
8
71
79
48
46
75
0
143
92
28
50
10
1
15
53
91
235
99
16
310
133
104
33
21
29
30
196
0
0
193
70
198
23
3
0
161
1
556
0
0
217
81
27
131
94
11
3
39
28
17
132
62
75
50
107
95
8
0
308
149
159
33
26
48
154
14
133
50
76
5
26
54
39
58
0
31
84
0
6
7
73
0
13
45
8
81
1
13
84
7
9
100
1
18
47
8
60
52
0
14
0
17
10
5
6
71
0
5
17
6
65
0
5
5
43
76
78
96
5
34
11
23
0
3
60
0
0
0
2
14
70
3
4
0
28
3
4
8
3
27
14
6
7
69
5
4
5
4
108
1
7
3
34
2
4
1
4
29
45
1
133
7
41
66
55
1
7
0
2
7
2
2
4
0
77
33
2
112
1
24
336
277
72
0
1
2
73
35
0
0
0
1
122
13
0
0
1
0
177
361
122
96
28
58
38
22
30
61
57
3
87
5
39
36
128
297
121
132
120
116
6
0
113
118
69
37
78
178
5
75
54
72
30
31
156
32
29
27
4
55
3
31
20
5
16
52
2
2
38
27
1
0
17
179
57
34
32
6
128
14
9
1
2
42
36
0
1
7
28
0
123
26
21
1
0
58
2
11
77
14
45
2
2
5
1
3
54
28
61
1
6
24
4
45
22
28
16
93
62
40
6
95
247
149
275
111
104
2
7
308
281
14
80
63
133
115
126
41
57
162
96
78
11
1
73
12
142
83
0
76
67
0
19
52
136
0
1
106
111
58
7488
253
44
97
36
350
2
147
62
351
152
281
324
323
68
48
136
506
337
636
475
320
181
44
2220
131
933
210
304
122
297
278
213
270
149
611
622
361
247
246
167
58
91
111
63
162
549
182
164
504
170
133
306
222
230
110
3203
84
147
210
97
138
434
29
781
34
70
361
36
59
169
205
342
202
118
53
62
168
249
53
21
274
52
112
46
325
296
248
85
104
94
12
70
28
62
160
184
246
79
56
61
101
86
113
860
309
3
153
99
34
613
56
0
112
144
21
119
193
71
1
48
253
189
172
2
150
190
342
327
242
173
210
911
348
536
64
351
80
471
212
128
83
327
181
108
110
77
459
53
113
202
194
179
235
157
298
101
170
87
99
35
33
114
54
134
45
131
56
3442
120
120
157
32
108
47
42
294
301
266
1849
233
48
271
442
130
299
98
106
842
109
217
49
44
73
118
145
8
46
111
121
119
62
15
35
67
166
87
7
146
15
53
54
87
2
46
111
103
162
100
59
45
79
79
40
70
222
63
190
169
40
70
30
48
144
100
146
141
107
63
108
482
121
69
135
90
131
121
43
218
83
86
92
166
43
114
125
123
642
341
159
770
217
99
125
167
79
196
353
148
10
197
11
82
234
49
128
208
222
199
811
313
191
76
103
85
32
173
51
270
2260
64
54
70
261
214
214
85
102
1676
116
39
153
54
107
213
1390
167
259
2
246
53
1363
97
62
208
208
157
42
271
460
7966
472
373
399
266
988
124
651
360
420
372
445
871
755
521
203
683
622
24
554
219
692
695
170
423
266
291
7179
978
1803
1827
1688
822
779
1275
1135
718
742
572
476
786
238
440
637
266
666
395
1709
552
300
30
683
1008
362
778
1499
330
2660
646
139
28
426
330
744
575
321
447
292
5496
579
3086
47
597
393
160
93
198
730
112
447
554
184
450
15
193
258
1698
7449
2507
5876
4581
4185
5120
4536
1903
2264
3375
9772
4747
3463
29696
37033
9046
33560
1712
3919
4341
26296
3510
13792
2379
6464
2812
4025
1831
2267
1250
3023
3241
4804
2728
5971
3599
1811
1839
3569
7459
1111
3901
2190
2247
2052
2458
2056
2815
5529
2795
1408
834
1037
1845
1777
3176
2003
1946
1486
555
1302
1897
1223
813
893
1466
565
1139
2033
1234
2274
2866
3140
1981
1241
4346
2209
1842
2592
781
2090
1674
1365
704
685
530
776
1153
1416
2041
1858
1899
3110
933
1567
3120
1028
1661
874
1504
789
1992
926
1220
792
1568
1207
921
1422
828
805
1089
2039
1131
2028
1715
2154
1746
3966
3990
4554
1934
1296
2124
3215
4005
4895
1574
2736
7597
1691
1417
1394
2767
1077
822
1950
2682
1888
1111
4129
1043
887
1847
1523
4708
1226
1060
1077
1827
1534
919
1254
1619
1278
905
3509
789
1110
564
942
1294
72514
5514
822
2755
6046
7029
6755
1985
1488
1121
1752
1107
1884
537
904
2356
3055
1257
1992
2459
4496
2657
1160
2714
1744
1013
1464
1512
1238
675
1284
571
547
1520
1637
1626
2213
950
1414
1327
1168
353
375
1480
607
4999
977
2536
1036
812
1120
947
873
1583
488
410
418
1470
2162
1055
1474
2871
1577
20917
2292
1690
682
1145
2432
2800
1779
1241
917
868
941
485
852
510
1269
752
908
2723
1355
932
1072
1563
1956
1307
695
1406
1411
897
862
555
1208
4118
1271
1603
1929
2246
8523
564
525
1628
4462
3417
4682
747
2877
1395
795
746
1095
2060
861
986
1548
689
909
691
847
2032
1040
1816
1041
962
840
1009
1615
2397
3096
1589
2508
2467
1877
588
1188
1063
913
725
1122
2964
1230
1223
3127
844
1344
1179
1966
2133
626
1663
1576
662
1185
1290
759
933
1022
1958
1137
1942
725
1517
886
1191
669
1107
1144
1257
1666
1080
962
309
1523
1440
960
2073
1090
2522
1359
2427
2458
878
2858
1526
1679
2130
954
2337
2516
1088
1639
3107
1195
2717
2169
1682
2299
1569
2171
2701
2634
4781
1055
2241
3397
3250
1476
1335
1377
1426
1977
2140
2826
4758
14493
1680
7038
3318
2075
4039
6311
6919
2854
2916
6314
17816
20773
8911
5377
3375
10349
2603
1905
1178
1428
1764
1042
1317
2065
3988
14290
1192
534
379
373
443
275
163
225
45
71
267
565
334
27
84
64
18
16
138
54
645
1121
16
113
164
32
524
407
31
758
1049
987
951
595
295
1361
536
170
187
218
22
250
256
4
6
166
64
1
7
128
84
274
186
156
124
46
103
64
42
43
131
9
89
34
1
36
37
14
11
81
20
8
74
170
204
7
4
2
74
8
286
2
84
35
17
35
2
48
5
99
59
98
81
8
249
433
192
9
203
420
61
126
120
5
160
95
68
11
234
41
9
214
45
0
89
1
2
62
56
58
145
90
16
15
1
1
86
96
34
2
1
0
10
156
38
158
133
54
41
217
141
17
8
2
65
39
24
20
5
7
261
75
57
17
12
14
28
1
114
20
106
24
63
0
6
5
151
161
3
74
131
55
4
5
108
195
1
4
277
171
572
116
168
386
0
149
0
229
161
149
61
154
5
0
72
34
58
48
99
37
2
0
8
4
128
6
148
118
31
47
6
171
48
24
53
104
60
78
2
22
55
132
483
34
20
4
10
2
0
141
114
59
142
21
18
0
22
11
85
302
100
43
0
2
109
12
201
59
0
0
12
42
19
7
83
129
0
5
44
1
19
0
1
43
0
7
530
58
4
26
132
45
72
226
55
8
463
29
38
55
78
22
16
123
1
113
111
33191
8
120
87
141
13
43
113
1
46
124
32
29
0
41
0
47
65
46
93
73
138
79
74
23
96
34
99
26
583
69
40
41
10
8
44
24
39
50
827
1
111
25
17
74
995
107
40
66
44
249
11
803
4
151
100
68
22
19
100
118
35
4
400
228
596
257
228
1306
309
215
57
130
187
1
2
88
8
7
227
130
3
9
1
2
21
19
63
19
472
162
55
687
1
93
16
0
155
1
51
0
36
67
0
11
262
73
92
15
1
189
34
1
72
86
37
22
6
2
313
186
94
39
70
4
23
48
39
44
0
2
68
72
206
146
27
49
21
73
36
35
31
30
144
0
0
146
90
27
20
4
12
60
1462
64
217
41
18
53
85
7
0
61
177
88
51
56
29
136
9
135
160
32
54
18
31
194
92
38
31
39
18
9
9
7
129
1
8
83
117
19
38
48
37
6
42
4
159
106
3
4
42
2
18
9
30
38
1
15
61
162
31
81
8
51
2
4
75
7
1
5
18
34
170
253
250
511
316
300
81
90
36
329
0
124
578
144
46
111
63
91
58
49
60
97
284
117
117
83
130
121
47
36
581
127
246
52
69
61
1
54
86
0
159
96
209
99
188
354
54
130
78
72
26
424
163
1
56
77
106
366
143
105
637
520
204
206
53
276
124
91
504
137
181
69
599
219
64
88
88
175
195
106
156
196
266
95
77
276
73
202
270
70
89
74
714
1685
197
44
207
2549
872
4
349
176
367
82
200
339
85
21
47
93
228
112
431
105
44
232
187
88
667
407
203
109
147
182
61
73
60
1644
202
71
114
61
268
111
94
20
657
142
121
99
1283
14
94
1099
201
140
23
150
114
150
236
76
492
433
83
637
120
399
135
197
414
62
101
727
213
11
130
105
66
220
11
151
31
169
91
100
101
269
89
397
240
229
981
370
4
728
30
458
1463
202
1243
3
2417
1686
480
66
62
292
1723
176
281
257
217
269
212
59
550
215
938
267
229
145
109
717
139
107
1367
186
106
423
1607
51
329
107
168
207
418
426
188
424
179
1753
225
475
22
180
343
13
192
92
231
229
89
144
164
237
168
305
113
19
48
46
212
112
9
825
813
494
517
387
2269
1113
1045
8953
10233
150
27
90
139
689
113
312
267
85
2107
1294
3
183
305
148
102
190
614
8
10
2748
201
45
110
4
6
6
9
226
52
280
71
144
1713
677
409
185
34
4475
347
165
4073
2297
134
583
152
26
110
17
119
330
306
79
77
12456
88
28
211
198
209
211
4941
135
328
179
530
328
197
886
373
35
126
9
1744
120
7148
247
706
92
1090
1349
602
397
103
152
948
844
720
149
525
1146
1127
534
1176
2781
1286
1031
1288
1217
1101
1184
701
1397
1237
1693
640
231
3782
382
249
764
173
247
913
1038
943
1096
1296
1337
680
887
385
235
585
460
1839
1084
489
326
1419
220
341
756
2830
213
2052
4083
1511
3246
868
389
95
251
2979
354
373
543
519
1749
716
2861
223
947
608
385
1101
668
283
1703
1189
269
8170
630
842
1680
448
79
316
355
670
403
732
515
340
753
640
403
506
888
765
860
347
1370
1925
773
27500
5231
19578
4894
8798
4133
10073
15071
3846
2123
5651
7799
6916
1345
16861
3588
8703
3287
3397
2895
21499
3224
5387
4467
3431
3176
4292
8541
5140
3222
5649
4361
2173
1824
2462
3878
2391
1799
4082
5395
4150
2168
3550
1766
2459
5031
1751
4434
3904
5733
2204
2375
1091
1918
1987
5615
1525
1573
1174
1370
1665
1534
1519
1423
2525
2295
5702
8171
3664
511
2297
3206
974
1754
2949
1002
2196
2674
1883
1071
40288
7481
1000
428
1112
633
2009
11275
7839
2483
1386
2640
2891
2627
1224
1909
1853
1846
1551
2029
1797
1206
5811
39049
9275
7769
4518
4663
1486
937
1698
1159
1524
1237
1561
2783
3222
2086
2147
2435
1389
1356
944
4404
2351
2175
1926
2904
7652
960
1615
5772
709
1243
3833
982
18082
2252
1767
2053
1998
1574
1074
2634
3646
1021
811
2179
3623
2984
3897
1361
1643
1841
1192
1207
1078
2564
2200
2874
1349
877
1606
2519
966
1140
834
1359
1997
1677
1690
2508
2622
486
1158
1197
1905
770
4088
765
1492
2266
1173
1430
637
814
1222
1482
738
1901
1294
1230
2084
2628
2671
792
818
2695
1776
908
1657
1250
1185
835
1102
578
1676
2123
3218
1601
1376
1258
971
1025
1033
1021
1106
3304
1627
1532
2152
1487
3439
1675
998
1068
985
2528
4373
25404
12101
3470
7149
1413
986
1619
13912
2455
1102
1486
1991
1897
846
826
5030
677
1078
543
925
666
934
1770
1085
1322
3884
2408
577
1039
823
1777
13937
921
8503
799
895
1974
531
1661
2169
1155
525
1964
3077
1143
981
4127
1944
743
650
1638
1341
1205
1047
1021
391
772
1760
631
989
445
3681
2554
6843
5297
1972
1043
3093
2043
605
1085
522
910
542
7199
3553
5322
2471
2593
949
1088
1434
922
1301
3261
1320
462
638
896
1591
812
1694
1407
1056
2584
1404
2436
1959
1459
2283
1605
1692
1870
1516
562
1542
2923
1173
694
2974
1956
1156
3807
2460
1144
3845
1229
2421
838
3974
3424
1175
2370
1181
1786
1349
1441
2785
1396
1643
2024
2647
2163
4442
2686
4423
2550
2675
2010
2551
1300
1773
987
1943
7918
4602
2263
2060
5341
4603
1944
7010
2677
6855
5607
2973
3461
3589
2772
7403
29715
33350
3671
3527
1436
905
2241
2236
642
1381
390
3045
852
2062
1805
6042
3872
1147
1205
1250
1311
783
323
723
367
434
91
173
162
673
189
198
152
950
220
352
215
293
423
342
268
348
110
298
45
558
688
710
729
20
315
23
16
317
73
17
13
33
38
281
282
72
102
60
25
25
11
8
28
43
93
4
88
71
5
5
116
121
125
23
77
34
179
214
38
28
78
130
44
28
255
105
288
58
42
33
121
1
2
276
177
31
6
7
27
13
86
289
115
453
105
587
2
5
94
127
72
32
2
3
66
141
63
36
68
81
13
5
3
69
0
75
6
12
8
2
236
116
3
120
57
308
202
26
2
5
96
125
29
402
15
127
68
284
60
44
5
6
94
59
145
57
488
169
107
9
316
62
229
63
12
94
130
75
30
73
43
2
22
15
55
436
268
355
43
22
92
45
58
92
4
609
43
10
103
34
22
80
167
127
128
114
47
199
65
2
89
194
182
48
27
96
1
248
4
1
17
120
212
126
30
9
5
67
0
10
16
45
20
8
231
4
7
1
127
0
47
27
171
20
13
2
1
19
109
89
32
69
316
182
5
26
42
122
197
91
18
13
147
13
110
250
178
238
52
275
199
52
161
4
125
113
421
75
0
17
18
2
3
1
0
52
101
3
1
13
124
2
73
2
1
5
23
0
0
9
4
77
0
281
8
21
0
5
162
51
24
143
38
3
7
88
7
2
68
54
163
114
13
46
101
49
275
130
10
2
67
3
49
80
4
5
13
147
0
1
115
13
25
79
64
29
0
41
120
0
128
43
22
0
17
51
22
111
3
0
100
93
45
2
82
3
14
48
0
3
1
26
0
0
10
6
4
71
26
63
116
26
49
1
0
9
3
1
0
76
8
112
2
3
0
136
3
4
1
50
922
106
3
44
2
0
3
24
7
2
214
59
28
34
109
5
135
10
109
5
19
4
1
1
6
10
1
20
2
76
107
6
107
0
130
171
1
46
0
88
111
87
66
2
61
3
11
1
3
35
2
92
0
4
45
11
12
0
3
1
0
1
170
65
7
64
109
141
68
15
116
108
90
20
383
35
0
3
14
3
3
3
0
70
1
0
2
277
6
100
65
3
179
2
148
110
5
3
27
36
55
5
30441
236
844
5
301
2
103
15
6
10
5
203
1
0
6
1
2
7
7
151
123
109
0
57
32
13
32
254
232
103
154
67
198
678
214
63
72
185
59
77
44
35
97
99
401
85
396
3
218
55
74
3
1
76
6
69
41
63
69
75
269
0
51
0
67
93
2
116
0
298
88
0
50
167
89
89
150
3
79
111
5
75
34
45
73
5
408
141
1419
384
516
286
978
635
642
169
445
125
138
259
204
26
151
2796
3114
323
214
201
753
278
414
227
305
388
719
305
402
1457
559
335
154
273
315
182
225
251
465
179
98
507
84
402
513
453
58
189
228
221
1583
124
229
245
501
196
87
112
117
737
209
276
157
2010
503
133
96
176
18
1805
1230
203
495
8
153
73
211
865
644
529
1389
251
315
1039
206
843
1229
172
210
61
431
246
122
66
121
128
136
297
291
75
119
506
297
177
48
95
792
8
1514
393
121
366
133
145
127
159
97
455
1339
102
67
166
168
117
388
92
989
81
76
75
551
755
553
1656
177
9426
240
157
56
242
952
159
201
157
186
123
226
176
86
283
184
764
96
79
372
345
422
22
628
303
1082
45
1617
1055
148
82
75
100
116
43
1355
706
37
159
393
123
3123
73
96
390
60
163
131
60
38
298
736
1500
76
36
19
262
539
1785
498
546
181
55
92
283
186
143
142
135
18
2805
17
22
38
296
62
24
1305
96
10
117
6
399
107
112
49
6
87
325
1063
6
1804
1370
10
244
8
32
54
1716
5
114
76
600
72
11
351
94
131
537
154
112
56
35
148
395
8
135
1098
158
72
480
385
276
179
74
38
4159
316
272
132
100
79
126
358
89
195
1572
3804
7297
666
506
749
170
2974
398
1704
74
1495
208
12
100
230
1696
542
451
544
920
214
464
2773
1579
289
192
271
137
1008
241
185
106
2420
90
416
22
9
696
394
78
400
185
431
732
34
524
1043
227
334
39
1218
349
740
1837
41
86
41
266
5123
154
17
278
442
65
304
274
450
304
719
461
268
490
1080
747
1444
825
352
212
1028
252
200
128
359
464
1867
2932
1165
155
1002
530
213
1294
950
370
598
8841
246
203
1054
338
324
1204
952
6937
395
375
14595
6392
198
1014
5794
1431
1260
318
224
834
870
1111
19275
6359
6071
6181
5975
4086
5853
5603
18074
4960
7353
4808
5540
2540
10577
3244
3421
4728
2636
4570
3088
4375
1395
6845
2211
4022
2326
11158
4586
7756
4773
1890
1682
1888
2103
2325
3220
3299
3826
1548
1922
3795
6636
3924
2885
2373
2305
3340
6999
16265
3060
2396
1779
3908
3510
15578
1314
1809
3495
16168
1171
10488
5421
5743
6329
6637
2450
1690
3455
1457
2241
2155
767
979
2716
2803
912
1285
2596
1442
1666
1721
4256
804
3869
10714
1561
2838
2235
2557
1617
2267
2774
2700
4491
1743
3089
1765
3904
2191
2090
1399
2505
1298
2750
2822
3069
1549
1238
2474
1664
2320
1754
3517
1839
9122
4994
1261
6428
3672
5297
4227
7380
4045
2747
4324
4768
5442
4335
2495
2865
16324
4644
2346
2910
1391
434
950
949
1728
1002
2386
1803
2667
1629
1172
912
2137
2535
3144
8835
1056
1357
2900
1188
1577
7468
700
1084
1399
2492
1417
3059
1729
1890
7609
1263
1074
1263
1702
4129
5015
4143
2201
1089
5828
5687
3299
7938
8188
12973
5415
5652
2529
1640
1622
2372
1232
1061
1990
3665
3081
1282
2415
2873
768
2419
2420
1714
2264
1327
2520
1061
831
1427
1532
2029
2265
1113
1796
853
590
2230
2769
1097
3660
1013
1198
5767
1735
1585
968
2627
2077
2612
1590
927
969
2623
2951
5859
977
3190
2571
2372
545
2766
2002
1566
1587
3304
1022
1622
2183
4082
2176
928
1506
1188
2211
17208
1475
861
593
809
2035
3068
2256
767
7566
694
959
2358
2389
2131
2075
3066
648
4059
1557
902
625
2305
2218
1800
2199
2998
1036
1855
491
1918
636
1130
1006
1822
6173
2987
4465
1653
1323
388
743
1478
241
2780
477
19754
972
1285
1191
997
1839
1052
846
1157
440
1535
497
1241
908
2630
516
1818
1140
942
2483
3621
934
1290
1881
15900
1297
1010
506
1283
829
2122
1792
2064
434
3463
1964
1240
1474
599
1350
1161
586
458
723
1756
2437
1756
1450
833
533
1708
614
1208
860
5423
904
2157
817
3193
1633
1656
1291
3286
1331
1519
1381
2140
1220
2807
1332
10870
2484
2211
2694
1737
1217
7897
6428
6834
8759
10694
2524
2954
2701
7399
4360
2668
4474
3345
5151
3913
4308
4664
36379
32501
2655
2538
4012
3686
2137
1397
3717
1537
1728
1837
1355
2057
2158
17110
925
334
407
21
17
22
313
354
81
21
71
326
303
354
26
69
789
89
3
1401
51
294
20
60
321
215
318
47
360
459
2143
607
594
114
190
563
100
4
22
11
167
1116
178
0
3
496
243
370
388
224
193
20
10
97
52
56
111
62
8
5
44
25
75
549
61
264
64
100
42
14
115
64
32
1229
15
189
133
217
13
16
17
610
33
8
13
39
110
116
910
447
907
184
188
116
305
132
156
107
295
10
102
176
112
75
135
8
30
100
120
19
7
60
67
6
8
83
51
34
141
4
19
30
128
76
255
67
5
2
1140
4
3
192
339
67
140
6
44
40
17
8
385
51
13
7
117
29
111
396
56
139
67
115
192
215
212
138
6
3
104
13
27
83
17
4
11
162
52
139
396
765
59
172
42
26
133
206
81
99
7
104
86
166
215
22
1184
60
357
236
116
118
565
288
107
145
377
48
153
115
88
291
48
207
136
101
93
146
95
168
66
11
1107
354
91
198
157
11
196
11
196
102
399
8
131
228
799
251
106
78
404
97
337
171
176
46
44
70
2
253
92
472
85
46
459
97
346
906
8
9
117
305
38
19
49
186
86
54
49
8
3
54
41
152
198
1
90
7
9
16
23
256
22
70
65
84
172
394
356
644
196
608
281
118
363
180
171
119
112
249
102
142
627
926
463
3301
1167
652
715
483
2181
853
912
976
389
418
1019
1052
896
423
276
457
1809
352
340
268
136
269
210
724
279
288
1128
365
85
245
72
147
96
54
148
74
482
10
21
84
125
227
17
121
79
10
4
46
7
6
57
12
82
52
158
161
70
9
106
67
12
114
79
102
586
45
196
266
93
13
78
60
12
22
147
89
19
162
356
235
130
67
108
67
89
91
149
125
0
516
68
8
227
304
112
98
57
13
184
51
35
189
455
150
23
6
149
5
53
41
158
51
31
81
5
93
99
1
55
138
53
1
2
32
2
3
50
16
124
116
115
98
286
39
485
348
43
6
499
15
66
88
212
223
287
904
426
67
272
88
1398
402
196
84
2
117
64
28
240
20
30
142
63
54
5
23
9
1
115
2
13
194
176
179
25
31
15
8
77
2
502
8
100
1
14
50
40
189
68
12
30
53
7
3
115
104
550
70
4
4
13
77
3118
0
41
72
122
0
8
0
12
724
25
90
2
9
60
74
28
374
32
199
22
22
2
25
10
10
5
3
5
15
93
4
52
85
45
525
98
6
120
99
47
5
3
147
63
5
3
133
142
68
0
11
63
3
2
1
191
1002
12
49
2
18
93
1
87
93
172
67
12
193
178
165
46
217
186
60
238
269
420
250
300
541
165
437
170
21
444
69
427
1425
200
289
187
76
163
174
350
67
46
136
16
313
84
129
26
266
160
103
120
251
417
74
49
93
96
17
46
218
58
230
119
845
123
65
1092
1272
55
160
11
18
7378
11
1856
297
1246
175
33
228
68
35
226
287
225
510
28
321
178
200
91
41
29
147
6
1044
673
535
603
298
274
176
368
152
738
23
252
441
225
2753
144
244
110
12
176
457
124
1031
39
420
211
327
408
289
250
130
114
815
191
200
136
53
236
217
11
261
70
189
161
218
145
457
309
214
73
247
470
1271
224
321
161
1324
1442
487
30
53
458
1820
57
269
1115
619
205
215
6
144
352
97
122
402
210
128
312
125
337
188
169
527
767
509
65
253
263
20
36
276
44
90
110
115
24
218
295
458
1005
587
2193
151
438
166
3515
667
176
53
54
2123
1068
108
1329
82
178
92
344
125
395
12
248
156
318
63
118
87
498
85
79
191
185
629
77
72
87
5
83
76
4
63
9
232
229
34
137
548
90
298
234
137
166
141
15
108
17
190
2216
212
70
509
409
490
228
683
125
148
435
483
161
283
276
74
170
12
332
441
387
156
66
380
23
364
171
376
210
92
155
49
67
284
30
185
464
237
235
35
67
481
393
77
252
169
209
97
153
272
70
162
13
106
228
2364
304
643
344
407
365
2428
3089
1751
1068
956
1678
1993
335
761
588
154
3707
1410
214
7389
2874
136
249
390
4681
377
182
1001
129
1236
353
665
156
427
127
2674
387
449
3176
6080
4064
2371
1912
2034
1190
1366
6955
819
1152
800
608
940
589
747
628
681
853
4226
957
733
281
1272
1533
280
1896
990
1027
1358
701
748
1322
1011
589
351
529
2044
329
3229
382
1097
669
700
1046
612
566
2331
5951
472
3312
959
788
7182
2763
685
8638
3175
1118
1614
17041
10263
7377
7510
5816
5767
2206
3402
4773
9336
4894
4116
5409
2501
3376
3824
6504
3408
4141
2806
9470
2513
2297
3793
3216
3779
3154
1727
5643
5066
9341
4743
5184
1449
3941
5552
3918
4611
2873
15926
14430
1682
1581
3173
2740
3162
5380
5758
1856
1184
1950
837
8785
769
2772
2563
4392
1458
1022
600
7539
3014
6076
2691
1580
2086
2181
3364
1690
2106
3451
718
1547
5703
5453
4157
3305
2280
4769
2801
1672
1418
1881
1665
2582
1896
957
1369
2688
1163
9700
2023
2873
1002
2585
3657
3921
2534
1529
4612
4371
2269
1732
2283
1709
1381
1015
1296
2944
1901
1168
3884
2048
1108
2151
2062
1313
4842
3993
1888
2284
1125
2506
1788
3077
4995
1487
3002
2529
1372
1494
619
2410
1877
2000
1664
1008
1289
1314
5042
12429
2707
3708
1434
1343
1905
1183
1148
2297
1691
7239
3006
2799
5445
3468
5235
1965
4475
1769
1910
929
1651
1156
1673
3061
2396
2226
1771
1366
1006
1702
2858
1259
927
823
5798
955
908
726
750
1632
918
630
1611
3332
769
957
980
1415
2506
1947
1451
660
2250
2568
1289
1505
806
2539
2686
1174
822
3776
679
2187
712
2410
773
1119
511
1114
1437
630
1029
1280
897
329
2059
1843
631
2274
554
745
1571
1107
818
333
1074
863
2034
2475
480
1359
2016
2708
1247
2692
1068
837
1844
1413
6210
1703
4476
3181
3964
2113
2450
1125
2019
791
1879
712
1278
1828
2344
738
1043
532
2117
4109
1094
10026
725
1403
1489
769
1099
1162
853
6995
9300
3204
11493
6277
3990
2119
3393
5454
3147
1685
2232
2058
2007
2618
1681
1382
2453
3067
1565
2471
1424
2807
1685
1731
2723
528
130
1586
1076
1595
1326
2621
2173
1524
4648
741
951
1117
655
968
1434
4108
781
1484
1176
1204
1521
5004
969
3767
2126
1566
4673
970
1580
1608
2135
2021
6237
3227
1129
2417
3817
2287
1413
2561
1390
1339
4499
2290
1209
1635
559
1086
784
3657
1357
493
2244
2397
2752
1196
2472
948
516
4204
3350
3251
3218
2975
4367
4509
607
2208
1138
2485
1705
2778
1742
3011
1820
861
2044
2107
3622
2321
2911
3419
2378
15717
3948
4019
3466
5516
7063
4490
6623
5832
28685
32829
3663
3020
5468
1109
2561
2248
744
1597
1653
1558
984
978
2625
8955
908
61
125
530
165
76
160
283
145
112
261
152
220
22
461
189
75
55
457
18
21
29
47
26
89
555
248
285
121
70
1056
598
30
162
80
141
124
97
135
86
324
19
10
454
244
24
106
8
8
9
335
127
17
2
46
121
29
26
39
5
121
23
118
14
134
25
86
84
36
16
5
11
6
5
62
79
132
91
26
67
23
14
50
124
116
66
22
106
28
404
171
79
76
141
222
441
870
306
104
138
192
142
97
153
225
264
61
93
121
12
67
132
211
62
6
49
35
4
10
54
77
620
520
28
18
42
8
18
1
84
153
40
47
12
7
210
191
64
15
117
16
73
46
216
77
14
12
22
97
94
257
292
27
106
32
78
408
228
38
176
12
69
106
80
242
391
40
158
199
9
19
108
21
7
5
314
3
117
20
74
50
288
239
258
110
113
119
41
389
18
14
162
18
51
83
115
98
107
14
879
47
18
125
55
20
107
63
36
119
6
256
164
14
222
518
23
21
41
24
1
140
231
94
31
50
99
41
119
4
167
79
1
2
572
1
187
32
4
7
149
178
256
918
2
409
52
151
32
37
3
3
3
16
5
5
8
3
136
45
1
43
71
8
9
7
159
1
18
55
48
2
7
94
46
41
4
2
98
82
2
6
62
9
2
100
18
2
60
6
2
126
148
10
8
7
2
12
1
26
102
114
7
7
6
207
200
134
82
24
82
57
8
44
30
9
158
27
65
109
9
9
194
86
14
639
14
12
9
6
52
55
3
8
120
5
5
5
111
0
1
18
2
117
3
1
6
2
563
3
72
194
143
113
52
281
52
16
139
200
135
55
82
53
173
178
833
31
57
109
60
101
130
52
74
2
94
1
171
52
21
17
72
89
72
88
130
61
29
120
140
191
1
140
24
9
13
34
6
55
65
14
43
29
3
59
42
54
42
29
99
44
9
221
238
180
132
3
15
51
76
114
89
67
40
35
256
112
38
45
75
35
5
22
192
34
33
5
224
93
352
653
140
26
0
4
24
1
2
1
99
88
23
2
36
765
283
184
0
174
35
181
57
142
10
87
27
112
41
241
240
8
258
35
16
25
48
10
3
67
7
505
162
42
14
7
126
5
8
42
3
805
113
62
75
16
42
90
23
66
40
55
97
4
58
24
20
79
4
110
24
169
435
167
348
20
174
85
21
174
347
214
645
16
146
127
645
25
74
13
13
127
244
79
442
144
213
39
236
231
75
72
39
39
54
303
19
4
7
389
54
138
128
360
256
62
73
6
79
4
82
17
103
227
67
56
51
20
16
395
42
763
510
570
204
77
256
207
128
85
39
230
142
122
29
429
760
297
83
134
263
818
117
539
742
298
16
630
150
8
45
261
211
225
200
261
204
135
476
85
184
98
167
27
109
900
761
670
398
51
37
140
244
260
209
123
234
126
175
196
103
74
184
97
44
307
788
625
139
668
645
200
587
64
756
106
182
48
187
108
149
65
296
95
352
234
1148
230
172
382
284
82
721
306
463
1391
203
256
92
21
360
50
14
113
24
174
422
273
124
338
269
907
105
67
118
548
204
150
92
244
176
196
85
291
186
197
276
56
244
480
13
552
653
21
113
99
300
82
451
47
796
539
802
243
309
309
192
75
531
85
200
220
351
277
261
159
53
170
50
256
180
181
1192
928
205
296
96
83
143
74
452
36
19
75
587
172
117
80
7
169
1000
122
135
677
237
103
197
207
72
212
587
190
39
581
242
323
36
333
319
8
344
70
28
269
150
275
150
5
5
152
5
191
54
52
281
2
248
66
61
30
171
213
87
32
342
110
200
4
134
15
232
4
135
42
78
367
290
82
233
8
264
164
3055
159
78
273
103
267
479
1080
511
356
256
798
427
323
196
556
106
513
210
49
112
139
551
1055
227
309
253
262
333
64
438
188
951
173
75
623
542
132
281
810
128
64
466
151
80
203
434
183
71
102
12
206
11
6
362
189
53
102
118
478
156
265
121
739
298
174
38
363
349
627
286
19
325
278
321
63
10
202
198
230
710
204
375
135
1066
655
259
357
385
860
509
411
946
549
1135
2666
560
518
564
463
563
307
820
601
343
875
352
603
189
426
1045
719
714
464
642
514
580
323
1554
800
798
383
490
88
874
1001
82
224
718
64
182
347
85
63
893
557
270
249
523
166
353
526
684
298
253
633
1568
1431
1372
7218
5631
4377
4580
5273
4227
4899
3783
7819
2914
2129
5083
5078
1904
1305
2391
4157
2336
4028
4598
7412
7259
2907
2096
1669
1747
2582
2622
5320
3197
3712
2497
1516
3373
1370
3422
1129
2137
2484
2586
1632
2990
4394
3091
2371
2442
2183
1999
1092
1875
1222
1970
1337
709
5859
5579
1928
1147
1490
820
1579
1950
1559
1082
1246
763
1251
1180
3320
2988
2526
2552
1579
2599
1839
1058
3433
2293
2459
1086
1279
566
2273
615
2104
2568
6190
1682
1522
3148
4666
1533
5366
6600
2719
2759
1988
4129
2940
5139
3339
1338
5515
11204
4615
3536
3388
3411
6911
5480
6127
2688
2529
1713
3265
1576
2872
2790
2375
5166
4033
2101
5357
1235
1744
2634
1865
2165
676
2990
854
1289
1109
1384
1211
1510
833
1156
3104
711
963
1654
2412
1669
5033
2123
814
2027
2337
1532
1322
1498
1041
1179
675
902
1020
2011
335
735
9933
3799
2750
778
1385
1702
1573
1490
1660
1341
807
482
1502
1038
673
434
2021
3120
663
840
2308
1185
962
1721
994
1258
2564
1007
1145
1270
843
1312
1051
433
1982
2645
1202
1081
1563
834
2769
5817
2731
2667
1052
814
1628
5234
2429
1992
1231
2821
3427
3654
1168
806
1624
725
757
989
2324
2193
2227
2093
8521
3769
6475
4188
4424
2006
5744
1092
1236
2120
1444
1554
1840
1005
3184
3333
2801
1797
2213
1426
2264
1635
2413
1998
1086
1601
1551
1133
1880
4677
3605
4971
3507
2359
2830
2624
1435
2997
1272
1706
2988
4273
4535
3475
4684
3500
2630
2030
4128
5956
2699
4411
7237
2278
2964
2788
890
808
1620
822
5210
2692
831
1755
1100
1379
2577
1237
3315
9394
5529
6870
2371
2466
2926
9063
13386
3814
3867
3879
4264
4633
2429
6033
1660
1396
3583
654
1445
2486
3757
5351
4951
1496
1005
2681
4546
1049
2660
2769
2504
2695
4210
5639
1307
3831
2959
2016
2878
2468
6067
5379
1995
1422
2071
1409
3560
2478
2562
1473
1530
2329
1709
3105
2693
2971
1382
1570
3130
1218
1201
5870
2895
2229
2964
2350
3604
3108
4225
2660
3223
7484
5590
2346
2903
4323
4017
4485
3048
5548
3351
4003
2819
1599
2810
3861
8073
5319
4313
4077
5830
9377
7475
7711
8263
24054
54325
9285
6233
5022
3637
2897
2473
3713
782
1177
3344
2467
2253
3514
15772
2276
693
730
730
685
1694
373
2315
456
411
987
102
285
386
702
272
444
283
420
100
643
468
163
101
163
65
200
644
942
401
1449
377
103
241
346
141
338
164
352
652
191
127
124
191
404
185
66
65
262
85
188
268
509
308
194
164
24
75
108
9
203
38
282
68
21
31
44
69
204
316
42
30
93
47
225
64
12
205
102
23
102
16
21
197
57
31
11
8
12
63
227
250
193
328
256
148
65
139
75
148
298
194
15
16
194
26
216
371
175
165
231
15
290
17
109
252
211
38
123
20
7
118
73
159
109
187
209
93
16
7
155
80
56
177
108
208
60
20
74
57
199
120
17
89
111
19
60
76
13
73
115
116
167
258
15
18
12
80
7
39
141
89
263
213
75
201
125
97
161
14
76
12
142
164
15
27
141
193
20
2
161
148
250
61
87
68
200
92
98
225
225
17
53
63
101
55
9
81
3
4
8
6
71
99
44
6
112
46
20
179
47
83
28
8
73
39
61
272
1
104
19
15
86
74
26
155
46
42
10
49
119
109
94
50
92
111
53
6
6
80
46
217
189
8
12
189
56
4
9
3
118
11
55
65
71
73
45
737
247
164
29
82
0
28
43
90
4
14
66
8
77
4
162
79
11
96
1
2
26
54
56
127
526
108
28
73
27
27
16
25
16
14
13
357
11
133
49
207
5
7
127
120
91
22
4
9
20
9
110
76
35
48
47
222
14
98
145
143
241
28
59
28
40
80
1
7
58
12
57
36
116
61
79
16
101
16
89
5
7
88
432
23
179
347
63
150
205
319
227
735
102
37
99
338
287
253
409
151
104
522
115
158
9
127
91
84
452
141
51
42
72
22
75
142
31
99
240
129
18
37
53
17
21
54
25
63
89
73
57
13
97
183
54
83
77
31
349
32
30
51
150
53
85
59
40
106
100
14
16
128
5
120
24
12
118
42
4
47
65
23
150
65
48
183
340
159
17
9
93
39
25
11
4
38
117
51
0
39
125
36
35
62
148
25
167
151
212
160
109
52
116
177
102
32
154
45
21
116
238
228
140
87
37
16
46
44
2
20
21
43
19
85
13
91
38
21
60
2
59
76
48
56
21
22
40
4
25
51
28
21
10
39
9
20
7
10
8
14
75
20
10
102
78
69
59
72
10
75
107
40
999
264
83
67
111
216
185
236
266
185
298
64
205
379
144
324
182
9
163
98
20
40
162
104
174
83
134
241
36
22
242
49
206
9
171
47
43
94
16
327
87
92
325
344
218
200
78
120
58
80
60
93
67
57
202
284
404
349
125
106
861
280
378
308
429
410
325
230
121
212
374
89
149
491
545
468
384
596
116
520
574
357
254
110
459
428
116
367
212
262
519
272
215
996
328
104
389
245
287
129
205
53
175
123
221
210
200
171
212
159
184
140
133
443
272
318
194
605
141
303
108
172
483
233
184
312
75
189
151
305
324
172
170
189
143
27
583
193
126
220
329
150
69
127
143
305
247
77
112
648
34
202
124
230
152
327
150
110
223
324
241
360
152
45
293
86
18
94
311
112
280
243
427
86
384
113
298
153
626
139
115
115
214
114
43
8
53
837
116
224
838
438
142
29
373
62
199
678
208
120
1090
233
121
155
55
75
6
399
288
381
292
497
246
826
649
63
110
124
50
115
101
186
84
68
104
243
164
51
121
38
295
96
333
216
220
115
165
166
199
364
140
150
230
438
247
314
117
91
63
118
444
489
290
68
116
218
70
269
29
74
283
412
142
366
261
208
371
464
396
209
28
255
163
270
129
169
347
149
222
793
227
302
110
79
265
135
265
65
72
466
194
272
301
258
51
356
148
733
213
104
512
340
406
80
419
258
123
102
840
42
294
43
204
38
179
483
127
249
422
204
246
38
137
386
302
366
289
62
968
201
29
13
1101
460
251
193
308
162
97
278
359
415
16
150
889
393
975
489
256
246
55
1077
453
1789
333
339
951
77
257
464
331
513
193
270
300
178
214
356
105
185
483
77
118
398
60
344
902
1428
233
845
1270
1144
665
1339
311
484
797
489
502
118
910
454
360
94
314
659
395
265
128
310
194
535
1315
194
137
423
1176
556
450
624
1038
112
79
1086
273
1033
468
380
861
866
1252
1018
1104
641
876
937
1168
437
532
159
2302
829
1166
1805
534
481
2339
863
1690
1293
824
1048
1966
1991
1429
7372
10000
3705
13340
7585
32774
14998
9287
10778
8098
6711
4421
4740
6735
4656
5408
2318
1569
1051
706
2886
2332
3081
2903
1873
3665
2741
2676
2500
2979
2168
2682
958
1932
1960
5569
4192
4048
2701
1395
1705
898
2146
1351
1866
1640
2448
2982
1864
1982
9025
23155
10253
10863
5705
4110
3073
2395
2489
2334
2922
4094
2462
1659
2369
2633
4062
2466
1537
3751
3437
3250
4005
6344
2287
2973
1564
3404
1939
853
1348
1001
1352
334
1792
2817
2297
1604
3243
1658
770
1297
1578
1694
1022
1345
1383
719
2227
1559
1170
1922
1830
1946
2494
1270
2277
583
2005
2276
901
3343
624
1515
974
1409
1714
2082
1751
2192
1461
2785
3011
2514
12570
5533
5540
4992
4321
2483
4732
3050
2920
1338
1437
4126
3223
1870
3086
1008
2639
2230
1168
1511
1218
786
1223
3487
5054
38
3682
861
1471
1731
3305
1741
1597
855
1829
848
2077
463
1841
940
1135
336
1763
773
868
937
1025
1292
1677
1658
2382
1336
644
745
1772
579
1117
554
1767
1225
1078
928
3297
1383
1781
2092
2426
2674
703
345
720
1019
1868
600
557
194
1490
1990
700
416
588
1121
443
155
751
993
1904
1524
1041
1127
1166
746
1488
905
920
125
1333
567
1284
1341
894
1454
965
187
1275
573
2238
883
2514
1242
407
577
705
159
568
665
427
649
175
528
280
449
642
136
251
428
72
630
1629
1670
1095
649
502
1037
825
386
62
1243
403
1985
780
492
2570
1926
1178
1275
2351
1922
1328
1360
1608
1378
655
2012
3385
3150
3661
2420
690
754
232
2586
6516
194
732
1410
1517
2300
5605
939
654
4883
2436
2264
1616
1868
861
252
407
998
1596
997
88
192
2260
1906
189
948
749
1250
727
584
875
2382
1806
1220
1661
2886
1799
1486
364
1000
284
376
738
2276
1770
2039
1199
2628
3349
1536
1050
1415
931
1288
1283
886
1305
2755
1546
1844
1698
1788
1630
1054
1340
667
1981
2170
1633
1013
324
1240
1082
2140
2041
634
1377
1394
1536
1577
1733
970
1567
1784
4139
3603
1568
1241
1606
2470
2159
1610
3068
2088
10058
12567
8170
5789
5755
20890
3856
4956
9269
7118
7399
7993
11099
12861
46433
71516
16977
12273
6097
6275
6501
5546
1859
2340
1395
1199
815
1968
4150
12193
1131
1164
457
298
500
483
292
101
142
102
181
33
324
213
219
160
602
247
114
879
382
1261
502
272
197
406
436
250
145
1184
2089
1055
538
663
471
736
171
153
296
94
307
312
52
26
32
128
160
90
17
274
17
77
179
98
322
333
182
64
95
27
98
81
103
79
21
283
571
220
97
153
58
148
34
79
123
162
635
189
28
10
218
43
9
95
16
58
19
61
84
137
211
137
18
27
50
162
547
573
162
238
103
62
154
49
248
187
15
305
101
65
283
19
213
5
186
99
32
254
31
370
189
61
5
159
113
237
61
28
62
121
24
226
91
4
223
82
89
181
134
84
160
16
94
58
118
207
78
19
124
814
73
139
45
264
145
109
81
164
22
222
154
313
10
120
10
100
243
259
207
154
83
153
50
37
70
212
55
17
289
374
205
154
38
27
51
72
165
35
74
95
180
63
116
80
102
398
81
36
50
16
106
56
149
76
142
142
115
116
34
51
85
311
111
102
52
235
113
53
101
97
125
79
235
84
74
11
31
26
83
30
69
63
60
10
52
97
183
68
262
15
71
58
20
13
67
88
38
413
89
32
49
73
247
87
13
55
11
112
66
23
17
63
21
42
25
22
14
30
358
16
121
18
29
14
32
92
21
99
64
128
112
37
26
109
81
57
13
55
38
14
19
18
180
78
21
103
31
15
12
15
41
15
203
16
517
237
84
5
11
206
57
11
52
19
131
106
25
76
58
61
14
49
206
8
13
4
87
10
389
139
241
13
13
85
9
90
19
196
110
32
286
15
289
454
117
53
13
93
251
24
19
47
60
89
33
59
73
53
14
17
76
7
53
57
9
7
15
47
43
5
28
68
28
205
5
14
13
14
81
10
16
35
14
6
12
5
77
13
6
16
27
66
13
39
6
10
14
91
87
36
23
6
34
9
6
91
4
42
78
25
67
65
33
70
109
62
14
5
14
6
62
13
8
8
91
147
87
78
10
10
79
12
12
9
4
107
68
50
124
7
5
10
7
8
147
130
20
67
17
132
87
9
9
107
31
59
3
7
33
26
19
5
15
3
95
122
35
105
37
35
49
27
13
20
3
5
5
17
174
3
7
33
1
96
37
67
7
164
17
132
84
14
37
27
83
18
12
50
240
43
35
8
95
9
136
17
10
7
25
31
328
302
182
133
191
662
427
261
14
202
107
322
88
78
28
266
80
153
120
69
26
4
68
2
9
204
98
20
115
113
310
261
119
239
78
68
58
132
431
66
33
152
105
131
70
9
13
10
55
46
66
381
16
255
19
233
52
128
113
111
468
315
258
632
179
604
348
153
234
422
1246
1124
711
192
349
922
508
1772
386
267
360
200
180
321
81
769
327
41
350
452
229
177
96
110
565
251
297
29
131
31
375
455
252
328
170
246
471
129
247
169
49
152
172
283
192
180
114
167
313
429
525
280
387
24
10
632
436
223
385
184
292
199
91
115
156
230
34
282
41
247
339
155
220
241
217
198
336
261
247
295
47
74
300
124
94
197
171
36
65
337
327
230
308
71
69
225
319
42
78
94
286
476
837
679
213
175
109
20
206
84
320
148
56
468
139
93
124
71
162
122
74
57
18
99
27
167
84
334
15
187
5
33
581
184
41
165
441
17
177
122
220
49
48
83
56
207
167
174
128
6
391
14
607
157
168
444
321
96
482
77
134
151
26
102
64
176
92
45
4
212
115
281
160
77
159
121
346
260
31
7
239
766
210
291
66
517
81
67
30
108
103
162
439
179
82
143
124
137
9
82
118
157
207
16
204
33
164
65
303
210
85
226
14
229
172
213
147
140
31
126
194
105
70
501
95
3
1436
483
36
215
143
193
158
59
16
127
329
148
719
223
184
174
124
85
182
311
275
282
106
297
172
48
173
189
40
730
272
256
710
87
230
210
441
342
323
267
398
227
27
28
1
18
8
361
7
473
49
373
194
227
34
103
138
123
103
79
157
196
310
254
593
131
473
338
666
694
263
34
150
190
454
129
36
280
103
119
55
242
373
148
1205
404
1302
391
488
746
552
165
409
298
662
552
215
37
659
497
346
187
111
55
371
329
223
1394
272
829
59
205
427
142
937
311
854
348
441
816
403
362
145
575
481
821
478
472
96
285
715
463
292
140
603
769
66
329
271
224
58
45
699
221
432
222
420
286
210
308
815
358
758
882
12433
6047
9195
5081
5883
11622
9326
4442
5270
8798
10337
7569
6198
4141
3233
3058
5050
3533
2710
2656
5185
2363
2585
2781
4360
6618
5379
7168
3729
5305
1753
3385
3592
2394
5860
2552
2816
4179
8894
2413
2394
2828
3235
1963
3756
1223
1907
2654
2038
1951
1124
1790
938
2423
3415
2166
2771
3777
1770
1502
4148
3762
1990
3590
1686
1320
875
2795
5079
3971
1396
1996
1567
1379
962
2683
1819
639
1176
1012
1764
812
2363
1048
1518
964
133
2481
1744
2848
5725
2741
869
1125
1247
1649
1682
726
992
844
1385
3646
1250
872
974
1279
1111
1915
2651
2502
1111
1142
1756
1653
748
3702
1576
1532
3679
4089
2299
2612
2663
2112
2938
874
1132
1949
1097
648
2086
862
1806
1561
970
1093
1821
866
2164
1571
2622
2469
2504
4547
2508
1027
1900
1013
2231
1491
2120
854
522
395
461
2498
1190
496
316
1055
289
1344
972
1237
988
692
1197
1086
1210
1193
1531
867
1124
1339
1042
2015
2027
1538
1041
968
929
727
928
1005
39
588
321
1812
649
619
151
442
645
1142
549
689
310
835
721
1068
575
862
1050
1885
1543
652
1619
2712
1093
966
1532
472
310
2435
965
1516
913
1041
491
1085
242
1217
904
1390
1073
2071
278
835
1489
1316
1733
815
484
3454
2210
599
746
1158
750
1009
1091
1230
618
1097
1051
2641
748
866
763
737
818
1613
821
437
423
1954
1590
1179
507
1237
1090
25
576
597
1996
1007
253
1931
97
1260
1254
1762
160
1356
1040
1100
1172
21
541
891
866
267
733
29
2081
292
1686
203
1340
294
538
1199
68
739
460
361
852
778
754
630
833
1062
330
1134
1667
151
1591
383
753
228
640
778
778
548
2253
454
65
636
930
2830
1402
510
834
307
467
695
96
151
1243
3250
2789
1987
295
2301
688
2130
175
4234
2130
743
293
484
557
1381
1784
861
599
309
873
1557
527
709
981
631
855
189
1512
208
267
3007
5590
1593
2104
812
1090
997
1591
596
2196
1348
2221
2224
1308
1993
914
3305
1478
807
1617
1620
11326
3304
2380
1476
3915
3572
3149
7802
13779
33002
36039
7047
3399
4387
1896
3204
4938
4199
2573
1378
1448
1437
2028
1290
7933
890
455
137
256
180
178
89
406
198
30
110
239
61
21
42
243
168
66
180
319
51
70
188
48
160
106
42
180
296
692
1342
131
431
154
65
12
198
37
23
87
52
6
27
5
16
124
1
15
66
37
5
7
112
27
3
0
0
2
5
6
11
186
59
25
12
58
2
69
28
0
3
74
5
65
43
58
124
4
5
86
15
2
118
114
188
1
6
19
71
93
25
8
6
57
91
76
164
42
170
181
77
189
112
173
86
98
53
16
15
14
4
48
19
30
6
44
11
92
18
67
46
1
63
53
68
56
53
1
3
4
4
1
16
86
66
2
14
44
3
102
10
19
0
88
14
4
325
1
79
194
149
19
18
0
68
52
17
21
8
1
31
8
1
264
20
113
51
75
10
32
2
97
37
33
10
46
3
10
3
9
85
117
51
36
13
56
111
133
64
64
106
18
82
40
19
23
13
152
13
5
5
123
3
128
42
13
3
1
3
156
33
8
8
0
0
5
40
12
93
59
20
43
54
39
44
106
49
308
46
1
90
7
56
133
1
7
38
17
2
3
328
3
7
314
103
4
19
2
0
280
60
59
40
49
1
115
27
53
43
3
8
3
1
5
8
5
1
1
12
18
10
12
14
8
4
0
0
9
6
4
6
295
25
4
7
6
60
42
0
0
0
16
2
2
12
1
2
4
1
0
15
0
15
10
24
0
3
2
4
2
1
7
8
1
167
11
68
34
26
5
10
6
107
3
110
121
3
4
5
12
7
87
1
0
56
5
4
7
4
6
55
17
5
17
80
49
10
8
12
5
5
7
2
0
71
1
11
11
6
9
76
6
24
11
1
105
3
105
57
6
27
43
3
10
38
1
3
3
70
0
4
11
65
3
71
9
1
2
3
19
273
193
59
6
21
2
32
2
0
3
22
153
112
103
227
1
111
160
140
7
2
2
15
104
2
2
4
42
36
2
1
45
6
6
134
8
7
6
5
83
16
0
51
3
4
69
2
28
4
178
2
16
4
0
2
71
0
123
243
9
122
9
8
20
7
51
157
80
1
95
23
1
1
196
24
28
68
227
16
136
106
3
7
20
9
37
111
15
68
67
87
35
264
96
1
5
99
63
5
3
0
2
19
70
1
22
4
63
84
185
36
2
156
132
5
160
1
1
79
8
118
28
7
147
102
57
115
8
94
7
85
3
7
7
7
5
7
4
149
2
58
4
3
4
4
6
3
5
19
2
5
204
2
281
142
127
2
2
66
67
11
6
24
61
47
6
6
41
127
272
97
28
5
0
8
134
42
33
36
29
527
134
277
126
99
157
159
81
233
236
182
162
159
519
180
260
323
178
201
426
281
206
607
191
127
339
658
258
486
96
50
352
10
146
69
171
313
65
19
135
148
66
84
271
35
180
308
90
166
135
96
21
83
120
161
229
232
233
37
105
270
115
70
113
12
251
150
25
6
272
120
65
4
2
26
126
56
204
110
108
30
23
15
108
23
175
14
129
285
35
130
138
86
168
23
35
60
149
111
38
102
73
34
140
40
29
166
105
176
58
94
154
71
127
40
139
58
40
14
12
24
118
250
45
65
53
247
73
185
176
91
164
30
93
180
142
96
235
10
189
60
7
251
84
101
56
108
133
21
135
164
186
40
90
144
56
256
43
270
92
61
19
25
42
49
108
103
18
6
96
99
284
112
97
157
30
1
160
144
29
46
113
44
11
120
249
325
59
108
57
24
350
38
13
67
253
463
41
109
199
23
72
72
405
3
131
10
284
205
29
5
2
13
17
12
7
127
71
225
55
2
353
98
97
136
89
58
18
121
15
55
30
178
124
60
377
95
11
31
59
519
11
139
135
46
198
11
190
57
124
610
15
21
340
4
80
168
8
83
123
305
2
116
7
277
67
78
62
127
224
125
296
53
207
12
59
12
135
25
35
32
40
131
332
12
11
288
30
216
12
21
45
222
21
154
286
9
195
177
100
262
302
228
147
720
347
149
238
259
6
177
134
33
378
18
352
16
308
26
38
81
555
147
407
23
488
498
75
98
79
129
549
537
185
311
333
792
236
839
376
253
371
238
97
21
169
316
187
282
204
450
289
476
289
249
95
449
61
606
148
538
278
288
369
78
226
326
201
681
271
28
375
274
156
703
212
190
381
166
672
769
627
154
513
223
1134
449
295
641
910
5977
5109
4436
1774
5993
3057
5171
7034
3978
3599
3228
3913
3613
2685
3394
3791
3695
1870
7174
6257
5924
2542
3401
5321
3358
2714
3324
2605
4273
4182
4899
4269
1432
2988
4749
3945
2529
2021
1716
1637
2148
2097
3016
1794
2650
1426
1629
6958
3916
3392
1211
2553
1216
1903
2956
3246
3043
1927
2799
2272
3754
2013
1535
1303
970
2054
1502
1698
4735
1423
1921
2282
2163
3975
4562
2071
1573
2680
2953
4648
2758
1513
3353
2531
2195
3095
2189
676
2464
2229
631
3357
2805
4768
1638
1543
2989
1352
1117
940
3266
4157
4085
3623
2576
3513
1800
2095
2166
1697
2974
1477
2123
1459
1537
964
600
407
1485
1888
1792
1928
1716
2313
1656
2063
1191
1967
1347
1111
1144
1405
2012
1868
2268
3078
1713
1753
5528
3083
1358
1945
2574
2482
1676
6919
3811
3081
2341
2984
4488
3488
3790
3381
1518
1108
1643
741
1621
901
2070
1589
1992
1882
2332
2746
2051
1793
1457
1750
1190
1579
3227
2560
2431
1415
1171
670
780
840
1749
382
1115
507
718
1304
1028
707
1806
730
1115
920
855
740
1317
1189
1193
787
511
820
878
384
1641
2232
3642
840
1019
1043
599
2316
1993
1716
130
1799
2855
2438
1758
1833
1127
748
696
592
762
1416
1047
527
1786
957
669
604
1037
406
351
545
204
1454
703
323
451
422
1378
368
3398
3653
895
673
1047
579
1447
436
1002
1202
437
393
762
72
722
1301
852
1295
543
61
1116
755
507
373
1496
853
653
1176
310
327
477
943
1747
971
1634
756
1392
1879
1391
2062
2826
1011
1234
1027
364
81
245
1905
1123
2171
1132
2629
1487
1902
1795
1365
2490
908
949
1087
609
971
835
851
820
1581
1486
669
246
247
1128
611
695
1347
433
669
841
2004
1643
700
1324
232
8561
2327
1677
2745
1252
1015
1395
1311
372
1242
2736
7103
4730
3622
3072
987
1082
1973
2170
1795
2522
3039
1881
913
1690
1203
184
3297
2178
1336
1122
196
1107
1139
666
624
2079
1315
835
877
1458
1227
806
694
1079
1676
733
1483
1010
375
932
1204
1334
2011
1869
2166
7913
2869
1020
2460
3525
3321
1691
2672
4958
25104
45264
4814
4657
3962
2550
1364
834
779
934
1380
1366
1089
1037
2710
8959
597
457
506
333
685
570
827
637
510
158
477
191
115
128
155
454
8
134
166
130
30
335
59
12
52
55
136
17
54
319
737
272
626
50
17
225
76
22
64
25
274
31
5
12
13
45
17
5
13
23
131
51
9
5
1
6
3
5
24
15
89
93
2
13
21
13
155
4
5
19
96
123
15
114
89
131
18
783
407
198
147
29
311
10
59
66
50
569
272
225
323
186
60
102
80
823
693
23
53
171
97
76
71
138
169
104
6
124
2
252
39
149
106
11
188
80
90
28
50
21
84
43
75
3
65
6
3
8
82
54
17
84
163
367
9
283
85
43
86
67
6
109
96
22
117
57
29
47
20
44
66
70
9
31
18
32
233
90
86
34
6
12
10
76
5
247
4
22
1
5
144
13
26
18
165
53
86
693
156
757
713
498
221
546
191
197
229
83
79
116
22
591
241
286
116
187
904
143
125
64
360
75
21
28
20
58
25
53
60
23
101
16
42
7
7
21
1
5
5
133
21
4
161
120
1
93
47
6
21
12
29
148
22
8
5
5
84
263
5
60
68
1
442
221
87
8
214
3
2
2
3
10
97
25
9
12
2
87
6
293
10
21
16
14
6
3
82
142
0
6
10
3
134
7
18
3
22
72
8
3
8
41
3
12
74
26
5
22
103
42
3
7
18
0
3
7
0
17
4
2
22
148
4
726
325
72
365
8
74
24
111
122
60
99
50
13
83
65
124
127
79
5
94
18
39
181
20
5
39
274
169
13
89
96
162
12
108
118
34
73
157
559
51
58
30
96
110
72
79
5
124
89
297
86
65
67
62
47
39
47
18
111
122
127
47
72
58
151
202
74
105
103
47
278
66
3
194
47
5
0
8
84
1
1
4
53
94
157
12
78
36
114
90
91
37
4
61
2
43
220
63
49
36
5
75
73
40
4
2
92
79
13
0
48
47
93
116
5
1
2
121
66
5
55
125
3
104
3
0
170
337
323
16
39
127
124
98
117
52
92
74
4
93
1
4
17
91
2
37
11
192
42
2
1
37
0
192
11
0
37
81
188
42
74
5
41
1
3
2
153
13
153
52
64
47
0
7
27
24
5
63
3
28
0
3
7
3
2
45
2
53
0
59
13
15
0
0
90
11
4
1
40
81
17
2
1
44
56
36
209
41
162
84
31
338
196
115
46
67
77
135
182
130
158
57
54
76
39
26
83
46
151
26
50
104
37
30
218
75
50
94
122
27
122
109
19
59
86
78
120
29
53
19
123
68
76
15
82
110
109
73
28
182
339
36
46
137
64
465
128
406
393
276
879
466
457
395
231
382
264
38
157
58
273
82
245
241
479
134
368
299
246
184
100
232
55
176
122
105
302
419
511
426
136
198
990
732
1240
570
268
535
153
245
147
87
69
310
277
324
52
158
28
114
56
130
496
191
401
246
95
147
136
192
78
215
30
139
11
28
144
234
190
27
124
5
228
82
280
269
222
35
40
74
152
64
59
204
106
178
21
515
357
231
198
154
318
106
108
215
683
757
189
37
62
75
60
8
26
205
2
123
69
180
133
226
14
81
3
256
49
127
7
300
257
58
253
37
491
141
144
50
90
53
109
142
72
178
202
53
143
18
330
168
161
106
64
103
112
29
7
75
77
8
77
204
5
136
11
160
60
113
7
86
34
7
160
127
100
83
189
82
17
9
161
9
141
59
298
240
67
62
224
163
217
144
170
208
150
238
97
48
70
106
144
159
1
378
86
63
93
11
16
299
320
639
120
215
62
52
117
163
177
21
127
63
226
61
104
86
9
100
166
31
130
47
22
65
192
7
3
60
34
182
40
11
197
219
61
17
124
528
113
78
677
172
170
356
195
268
17
19
157
160
137
56
156
79
383
81
274
139
71
82
23
37
98
5
118
562
211
86
3
242
102
8
86
257
466
17
109
20
11
18
13
253
170
330
51
7
105
164
24
341
150
31
107
34
136
56
8
103
164
466
395
119
134
55
452
21
13
209
3
88
104
178
175
30
32
358
5
261
26
278
1320
252
903
248
102
337
185
148
23
283
122
53
14
321
36
427
36
374
449
142
171
38
164
314
3
186
320
85
192
284
8
171
332
1117
596
236
302
91
31
119
248
172
52
19
313
253
390
224
37
261
302
726
265
126
181
172
735
321
485
135
173
917
96
1288
865
3263
1560
11488
6766
8344
5589
4213
3936
6563
4698
5053
9717
9023
16712
10383
9427
5338
6281
5254
4973
9591
5660
3195
4310
1084
3212
7908
5571
2974
3946
2449
4132
5381
3223
2369
1752
2140
1875
1739
1708
2490
2032
4083
1601
1947
1328
3677
1942
3572
4209
2434
1785
1988
1550
2014
2118
5456
2978
1755
2131
1209
1490
2722
2021
3815
2538
1772
2312
1138
6658
2486
8374
7262
6527
3581
6886
4050
4058
3030
3901
2767
3204
2697
1944
3367
1935
2734
3023
682
1249
1968
2161
2762
10343
6471
3013
2842
4175
1626
1706
1020
346
1146
1188
1226
622
1195
1307
394
578
1020
1929
3000
1984
886
808
1190
1669
963
1002
1357
1547
2947
1178
1115
1668
1859
1604
750
488
1225
1560
877
1019
790
492
2030
1525
384
641
495
715
454
975
361
923
699
265
1310
1802
1102
588
577
1074
1433
3516
2163
733
1189
527
239
1781
955
59
805
321
875
2041
1070
573
291
1037
1408
679
1301
857
1271
1103
1540
738
117
498
397
738
36
368
1419
674
659
7024
1264
3065
1692
2327
516
897
735
380
789
4037
950
1314
924
1987
167
445
595
1091
356
1235
407
726
1007
768
723
358
459
458
2108
2284
1135
292
1006
286
2767
775
540
282
2094
965
922
537
2040
899
2818
1622
1154
1462
384
671
281
589
2361
1242
426
506
1292
744
839
468
680
190
1221
82
129
67
699
162
282
895
378
381
332
630
654
202
1083
938
90
1193
526
763
693
486
963
1479
743
999
1819
671
971
282
1261
817
1019
563
508
454
665
918
1018
656
420
1365
439
698
797
551
922
2750
1854
457
1166
750
629
513
1046
141
78
63
1242
643
883
1758
800
1294
612
1180
743
824
1865
3163
767
872
1071
1027
772
857
1478
1245
1484
677
1436
901
160
338
1231
1888
1487
458
2052
2365
617
1567
110
1773
1038
1612
1182
885
3201
695
1182
1353
1598
698
786
1335
766
833
1111
1538
469
1224
1388
1006
1437
1468
1360
1128
1891
1885
1882
2294
1020
1043
1706
3245
915
1414
2666
1914
3159
2358
1731
846
1298
1977
3011
2033
4716
19053
31744
5225
3396
1368
3614
2584
2873
1285
182
1781
984
767
1637
1460
6780
666
187
73
367
15
192
19
121
86
96
40
59
280
24
57
1030
347
122
284
263
41
47
15
72
186
51
369
181
123
163
1046
412
83
249
178
231
21
69
21
97
84
34
30
31
92
18
62
19
10
21
51
19
71
6
39
16
4
25
13
2
108
24
69
41
82
114
12
10
150
18
92
13
38
18
42
26
410
512
302
378
49
37
203
13
8
23
6
58
185
35
379
141
261
52
24
127
7
29
135
230
333
11
59
93
55
20
20
120
34
294
9
3
10
218
56
13
36
14
179
48
68
24
1
7
54
55
85
41
59
55
55
314
107
69
160
145
98
237
3
5
85
32
132
41
210
185
57
37
38
30
150
75
102
8
36
171
10
239
77
8
58
53
22
9
26
91
137
93
117
56
2
62
84
13
42
5
7
58
0
44
61
197
38
180
18
94
93
134
115
57
105
185
27
69
35
5
3
4
25
80
7
0
18
60
120
25
3
7
110
0
86
50
23
45
52
81
71
21
38
53
17
17
6
5
66
5
198
48
291
126
39
13
26
13
114
12
28
25
217
17
38
61
18
17
38
29
27
23
20
6
21
26
57
86
46
13
10
105
18
42
65
71
36
113
12
10
56
37
13
29
27
257
14
29
24
168
75
19
10
91
13
81
28
9
24
101
21
34
10
12
14
11
14
15
9
7
7
7
61
19
12
206
64
72
11
8
9
21
51
12
59
18
43
12
121
113
45
40
47
10
8
16
40
14
33
12
52
15
82
22
45
21
9
9
49
22
72
24
86
18
9
85
88
8
6
8
51
15
9
138
36
15
6
38
14
69
22
32
23
40
11
9
19
98
410
139
204
21
8
62
18
9
8
14
9
9
9
12
54
10
22
24
8
8
41
15
6
12
122
6
11
23
76
8
16
9
10
7
9
10
15
9
42
8
101
11
13
48
99
36
11
102
17
126
57
56
9
6
23
21
7
45
37
7
76
41
7
14
10
63
11
22
5
6
21
14
7
6
7
5
237
31
43
10
45
66
51
6
53
61
53
49
6
2
2
54
61
1
68
104
1
17
0
1
61
0
7
1
2
8
2
67
45
1
56
6
5
62
5
20
4
22
0
1
0
7
3
13
0
21
1
8
10
10
1
6
4
23
107
10
2
17
31
12
19
27
0
0
59
66
333
57
79
92
85
56
39
30
188
44
77
202
2
128
53
173
3
187
87
221
76
69
63
62
7
6
83
69
40
70
322
82
139
0
84
32
13
227
87
4
1
98
106
60
32
13
70
38
34
0
145
0
190
62
68
193
75
0
7
101
407
391
219
176
26
387
864
413
549
243
190
191
60
217
623
314
230
321
364
348
131
47
261
111
141
125
221
211
449
255
196
451
108
193
147
193
142
141
131
187
265
145
132
207
245
132
70
143
81
356
141
158
205
391
355
430
58
15
148
238
220
180
21
147
17
164
112
367
222
89
106
215
375
1
5
83
125
2
268
58
47
221
33
107
96
141
266
318
105
74
144
111
237
114
76
99
135
173
90
187
95
38
91
90
71
13
92
381
103
87
28
235
5
268
37
123
107
87
315
60
632
177
12
266
31
9
12
17
12
185
15
541
30
455
76
15
859
270
34
211
274
50
41
60
12
22
20
41
108
282
499
146
678
277
552
34
152
24
104
11
120
68
88
58
16
16
262
364
274
262
44
304
40
222
151
18
117
13
79
20
559
230
131
186
13
112
40
514
145
349
211
766
239
30
244
12
85
128
184
95
151
96
99
87
144
185
104
277
27
62
239
39
415
223
827
616
608
76
206
554
60
46
60
247
55
32
43
93
180
673
42
15
354
332
122
415
138
349
41
103
274
108
34
56
92
213
8
202
97
73
81
23
261
93
41
15
104
151
9
13
166
84
62
88
301
369
30
34
259
127
207
137
29
43
27
35
438
47
179
52
209
175
255
40
423
94
269
24
19
163
132
156
71
20
17
38
202
101
157
269
262
351
228
191
235
287
102
218
20
50
32
37
42
309
90
188
20
47
209
237
381
84
133
106
167
50
174
36
198
279
192
228
291
318
250
481
362
893
342
544
263
74
276
233
107
42
52
366
47
582
1301
335
2860
312
349
457
562
251
36
181
536
482
187
1299
711
575
439
472
229
808
448
647
119
690
499
540
747
350
383
283
257
499
28
261
197
852
189
338
593
892
7515
5865
5899
2295
6741
7023
3082
7096
6639
5179
4657
2755
2672
2098
1545
4350
1751
1702
1551
2176
2297
3195
2289
3171
1551
2730
2242
1673
941
540
3652
1408
1657
2312
1992
2010
1529
3489
3925
1406
927
1456
1188
2453
2323
1608
586
2106
1541
658
774
1208
1627
1116
1089
1205
113
1650
1177
2279
1287
878
706
1331
7041
7264
2734
8897
2018
3249
1552
2669
467
1879
2454
1063
2174
2628
1537
1097
2775
1729
532
658
684
2424
4960
1263
678
1426
1908
788
673
1874
529
1878
633
2540
1125
1458
1754
1932
1295
1351
1254
2308
943
1195
1445
197
2202
766
1514
1165
1823
2531
1149
1980
2012
1150
3352
1000
3793
1702
1755
532
178
2737
2018
890
1475
1204
2076
1065
1110
1550
419
3117
1408
311
757
2013
843
654
143
1320
1158
243
348
1144
855
1233
1762
656
1005
1235
1583
1066
1432
1322
460
406
859
1297
1192
618
259
313
1374
2141
1246
1185
774
669
846
1749
410
378
1031
964
85
906
276
599
42
410
949
519
219
928
313
193
24
944
1253
901
348
625
78
894
493
1047
621
1135
942
1864
2340
3604
1199
321
996
829
2488
1246
1695
895
1535
140
1658
704
200
3618
3406
1115
694
1567
761
140
898
1068
1395
355
649
355
1199
423
141
1372
473
1070
2668
953
780
1709
625
421
2021
429
297
877
511
108
785
456
598
353
639
1299
120
1455
318
670
725
682
163
462
47
1314
307
468
2595
1401
1723
632
988
1037
466
1174
382
1390
764
769
135
577
433
845
606
335
1331
132
1939
1525
943
868
863
1723
1722
611
932
517
1314
1102
1676
1147
462
578
357
234
76
986
76
1125
620
454
435
367
75
1376
2424
326
694
2401
1358
1308
725
1232
1286
1043
327
406
2495
832
595
2164
1880
1594
1256
746
1665
657
306
1960
72
1208
122
623
1131
3045
7431
3380
1066
1594
1177
1478
804
1948
1594
446
669
898
1580
847
1008
712
541
1617
323
584
682
1393
2428
1499
1461
3052
1429
6154
2249
4591
4088
3507
8851
2924
4741
3391
4863
5418
1640
5145
5814
21233
41211
3751
2147
2469
1382
1052
768
1043
1041
1819
854
2168
1214
1420
6923
1585
758
175
320
39
108
26
26
10
89
23
143
101
4
18
180
47
14
4
179
139
354
590
203
32
498
224
308
213
603
1017
225
41
222
11
92
35
92
17
35
16
7
9
101
12
36
64
203
32
2
145
65
49
272
221
518
181
80
124
194
44
417
18
25
108
174
200
95
103
16
19
50
56
212
163
63
171
9
12
49
3
5
6
27
138
13
77
31
44
19
3
107
40
28
11
163
220
71
123
11
38
177
95
119
316
114
27
50
29
141
69
350
172
19
10
141
117
16
113
18
2
1
18
95
103
54
121
4
31
21
87
9
93
113
2
100
68
21
22
62
101
5
7
1
183
117
4
114
45
20
25
31
2
34
18
143
83
4
268
60
29
3
117
10
7
14
63
40
1
3
70
103
1
47
54
72
1
4
14
5
207
67
127
210
24
19
141
91
110
81
7
7
16
277
87
71
7
37
2
49
1
18
5
115
114
23
124
45
85
7
101
41
45
4
14
5
1
2
3
11
17
3
39
1
5
0
115
34
10
12
3
4
1
118
33
15
0
2
10
19
1
2
6
48
39
261
4
51
0
10
43
6
2
9
8
3
1
9
8
6
109
10
9
4
5
36
0
4
37
26
51
0
49
14
7
26
14
6
1
0
0
123
1
17
3
7
31
5
7
3
3
2
47
8
2
0
3
1
0
8
14
116
2
3
1
5
4
68
17
4
1
2
7
3
3
7
56
0
138
5
8
35
1
58
56
1
0
4
12
12
3
199
0
1
0
1
0
0
2
29
76
3
349
35
6
98
2
0
4
1
3
4
4
1
94
5
0
0
13
1
139
1
95
14
82
128
316
139
45
40
70
18
11
80
8
32
44
94
1
67
4
6
12
2
37
62
59
0
37
28
42
47
15
11
14
169
104
2
2
4
3
13
2
81
82
12
7
2
8
2
27
56
8
89
6
179
70
24
24
2
53
16
30
18
56
55
2
18
20
4
13
134
94
8
43
11
5
5
0
73
52
2
4
101
66
26
1
3
3
10
13
12
21
6
143
51
232
48
51
4
79
4
66
5
9
12
1
0
12
4
2
3
6
2
115
0
6
8
3
2
1
8
76
51
1
59
11
2
1
5
14
21
3
4
55
2
1
8
3
3
7
0
6
6
32
2
6
5
12
76
20
50
145
38
27
92
36
64
44
12
106
19
22
60
114
1
135
69
4
156
4
45
22
14
127
93
10
9
116
163
122
134
83
155
12
52
82
33
0
8
2
1
86
86
39
50
3
78
99
27
0
1
61
13
26
13
12
7
20
138
632
275
542
419
287
81
348
315
100
205
151
275
117
73
264
69
274
239
128
36
186
239
82
321
141
63
263
189
16
133
213
70
24
61
200
95
162
91
12
44
162
20
62
56
4
16
16
30
240
62
25
2
101
59
153
355
215
59
311
75
76
48
14
156
38
42
18
11
70
10
28
83
312
48
104
18
86
4
129
9
207
235
120
36
3
525
239
10
334
111
35
257
98
57
74
94
125
41
3
1
21
137
89
89
210
122
122
29
5
4
126
107
6
46
28
32
56
1
68
40
282
15
1
13
47
38
8
96
26
12
23
31
27
188
7
6
1
18
68
30
101
21
11
170
19
22
48
167
18
133
91
5
28
6
3
166
10
50
9
6
26
3
31
51
80
82
97
23
141
26
30
6
48
344
207
425
184
127
55
20
156
76
40
38
95
198
6
15
11
106
7
72
5
48
181
39
113
46
58
147
9
212
88
57
7
108
15
12
66
80
74
5
151
62
16
2
9
10
119
128
7
41
70
39
7
93
17
3
35
25
163
316
137
41
92
13
95
18
32
106
125
77
153
52
131
18
0
232
52
4
98
15
18
5
86
242
25
232
82
134
78
137
109
76
47
10
192
106
188
354
137
62
120
153
47
110
267
40
230
188
94
35
47
21
29
19
34
127
17
25
14
24
255
59
58
41
174
104
114
175
322
19
594
47
193
135
511
6
173
81
90
95
615
18
57
983
447
146
207
15
21
302
356
202
183
33
94
76
18
105
63
540
231
286
170
162
43
434
242
17
194
451
244
65
307
40
253
174
314
457
212
195
409
153
17
804
680
46
380
110
858
538
57
295
109
291
47
15
27
89
47
40
57
601
343
499
338
178
83
129
131
25
557
498
10
75
431
123
1180
1229
6059
7561
3630
4617
2272
5755
2829
7619
10998
3477
2221
3204
2297
3254
1593
1500
1853
2052
2006
824
2421
1679
1346
1565
1538
1132
827
220
501
2724
1286
1453
1772
920
1074
927
1081
459
981
912
2685
4871
4179
5566
3149
1256
528
276
152
4209
1162
1178
534
1350
1541
984
404
670
202
1030
1863
1915
3641
989
547
2516
702
747
1369
655
73
1982
1761
1409
1309
842
1120
200
1404
1527
115
685
382
561
69
1748
563
2277
530
729
538
354
728
759
1221
1535
702
6601
1708
828
1200
994
794
650
589
84
809
1665
900
845
293
834
1708
1468
1033
490
915
329
486
1040
1413
1591
1131
7808
6346
2552
1330
1398
1868
2287
2034
778
939
1299
614
1787
857
1572
1065
1209
1176
1378
316
277
842
328
1154
766
271
1131
279
275
88
533
139
630
192
284
855
168
574
51
344
290
308
187
43
170
999
1146
127
795
614
785
94
1281
594
1117
1238
836
356
47
146
960
1118
346
776
76
31
153
84
336
2108
343
56
53
215
90
307
458
560
1052
372
45
545
81
595
367
154
731
257
83
654
333
175
286
59
65
44
587
580
548
1037
440
43
138
120
962
24
317
265
50
660
364
745
616
376
12
132
696
228
583
364
50
64
1567
178
297
50
100
402
4778
1583
138
855
2502
869
327
484
1155
87
53
395
167
553
678
814
580
813
577
881
733
447
583
1369
776
468
107
547
78
406
1715
1155
1583
670
785
1709
1378
805
228
1810
39
550
63
343
175
575
394
641
219
970
557
298
71
960
131
646
227
884
1289
380
56
1283
1340
453
952
388
745
739
700
238
575
1124
1589
721
1362
604
600
212
1346
1309
513
628
667
2165
749
375
755
689
357
260
411
1019
484
44
756
978
35
136
585
348
283
496
1807
1176
929
726
735
574
388
1267
817
288
973
712
1280
1192
1306
293
1483
1502
2275
1515
1041
578
2740
1367
317
215
378
4402
2306
444
333
488
3549
3204
3257
9020
22127
26981
4077
4768
4600
3259
2050
1037
1460
2489
1359
1364
1711
1328
1301
5433
1126
121
322
243
147
276
15
481
141
205
3
450
632
25
77
62
135
71
20
91
140
304
77
134
18
63
93
42
164
731
