10618
10610
10600
10590
10584
10581
10582
10583
10583
10578
10571
10565
10561
10558
10557
10560
10560
10559
10559
10562
10563
10564
10565
10562
10556
10552
10548
10545
10545
10546
10547
10547
10548
10547
10546
10547
10549
10551
10552
10554
10554
10554
10552
10551
10552
10553
10554
10558
10559
10560
10561
10561
10560
10560
10560
10560
10568
10575
10584
10594
10600
10597
10597
10597
10594
10594
10595
10594
10594
10593
10593
10594
10593
10589
10586
10584
10583
10581
10579
10576
10574
10572
10570
10571
10573
10574
10575
10575
10576
10577
10578
10579
10581
10582
10582
10582
10583
10583
10584
10585
10587
10588
10590
10590
10589
10587
10585
10582
10580
10579
10580
10581
10583
10585
10587
10587
10587
10587
10585
10587
10587
10589
10589
10588
10582
10578
10574
10571
10569
10569
10562
10554
10547
10536
10526
10525
10525
10523
10526
10528
10528
10527
10528
10530
10532
10535
10536
10537
10537
10537
10536
10537
10540
10542
10543
10544
10544
10542
10541
10540
10539
10539
10538
10535
10533
10530
10528
10528
10530
10532
10533
10535
10532
10529
10526
10524
10518
10514
10512
10512
10506
10504
10504
10505
10504
10509
10516
10523
10526
10530
10532
10532
10531
10533
10530
10529
10529
10528
10525
10526
10527
10529
10530
10532
10534
10535
10535
10535
10535
10535
10535
10536
10537
10538
10538
10539
10539
10538
10537
10537
10538
10538
10538
10537
10536
10535
10533
10532
10533
10532
10532
10532
10531
10531
10531
10530
10531
10532
10532
10533
10536
10536
10532
10532
10529
10524
10520
10518
10515
10512
10512
10513
10515
10515
10512
10509
10507
10507
10506
10510
10513
10516
10518
10520
10521
10522
10523
10524
10525
10527
10529
10530
10533
10537
10542
10545
10548
10550
10550
10550
10550
10551
10551
10551
10551
10550
10548
10546
10546
10544
10543
10543
10546
10550
10554
10558
10573
10585
10596
10603
10608
10603
10596
10592
10590
10590
10590
10593
10594
10595
10597
10599
10600
10606
10614
10621
10628
10634
10635
10633
10631
10631
10630
10631
10632
10634
10635
10636
10637
10639
10639
10641
10643
10643
10642
10642
10640
10638
10637
10637
10636
10636
10635
10635
10635
10634
10634
10634
10634
10635
10636
10637
10638
10637
10637
10635
10637
10640
10643
10645
10647
10646
10645
10643
10643
10644
10646
10644
10640
10636
10631
10627
10623
10621
10617
10614
10610
10611
10611
10613
10614
10614
10614
10614
10614
10612
10611
10611
10611
10611
10613
10613
10613
10612
10611
10610
10610
10609
10609
10609
10608
10604
10601
10598
10593
10587
10585
10581
10578
10575
10576
10575
10574
10575
10576
10577
10575
10574
10569
10566
10567
10563
10557
10551
10543
10534
10531
10529
10533
10534
10535
10536
10536
10536
10539
10539
10542
10547
10550
10549
10550
10549
10546
10544
10542
10540
10539
10539
10538
10537
10535
10530
10524
10521
10517
10512
10513
10515
10514
10513
10513
10508
10505
10503
10503
10501
10501
10502
10503
10503
10507
10509
10510
10510
10510
10510
10508
10503
10496
10492
10490
10492
10501
10509
10517
10522
10526
10530
10533
10534
10539
10541
10541
10541
10542
10542
10544
10546
10550
10555
10558
10561
10563
10564
10564
10564
10566
10567
10568
10568
10570
10571
10571
10572
10573
10575
10577
10579
10580
10580
10579
10578
10577
10577
10577
10576
10575
10574
10574
10573
10572
10572
10571
10570
10571
10572
10568
10564
10560
10553
10547
10542
10537
10529
10524
10519
10513
10506
10503
10500
10496
10496
10498
10499
10500
10499
10494
10483
10474
10464
10456
10451
10453
10453
10453
10454
10453
10455
10454
10454
10453
10450
10447
10443
10441
10442
10444
10445
10447
10447
10444
10442
10440
10438
10437
10437
10436
10437
10438
10439
10440
10440
10439
10437
10436
10434
10434
10438
10441
10436
10430
10418
10398
10381
10369
10362
10359
10359
10359
10359
10353
10348
10344
10336
10330
10330
10332
10338
10344
10348
10353
10354
10354
10354
10354
10353
10353
10350
10349
10348
10348
10348
10349
10350
10349
10349
10346
10342
10341
10340
10338
10338
10337
10334
10334
10332
10332
10335
10340
10344
10346
10348
10345
10341
10338
10335
10326
10324
10322
10323
10320
10329
10333
10334
10338
10346
10349
10352
10354
10353
10348
10341
10335
10331
10327
10326
10328
10330
10335
10336
10337
10336
10335
10331
10329
10327
10325
10325
10326
10327
10328
10329
10328
10326
10323
10318
10312
10308
10304
10301
10301
10300
10300
10297
10294
10292
10289
10287
10283
10279
10275
10272
10268
10267
10267
10266
10272
10278
10286
10297
10308
10311
10311
10312
10310
10313
10315
10319
10324
10327
10328
10330
10332
10333
10332
10332
10332
10331
10329
10329
10328
10328
10329
10330
10331
10331
10331
10331
10331
10332
10332
10332
10332
10331
10331
10329
10327
10325
10323
10320
10318
10319
10319
10319
10321
10321
10321
10323
10324
10325
10325
10325
10325
10324
10325
10325
10329
10332
10333
10330
10333
10328
10325
10325
10328
10325
10323
10316
10308
10300
10292
10285
10287
10287
10292
10296
10299
10300
10299
10296
10296
10297
10297
10300
10300
10300
10298
10298
10301
10306
10313
10319
10324
10325
10326
10325
10325
10325
10322
10318
10315
10315
10311
10312
10312
10311
10309
10307
10306
10303
10301
10301
10302
10302
10304
10306
10308
10311
10313
10312
10314
10315
10313
10310
10308
10304
10299
10293
10286
10280
10278
10276
10275
10276
10279
10279
10279
10279
10281
10284
10286
10290
10293
10295
10294
10294
10295
10297
10300
10304
10308
10311
10313
10315
10317
10318
10319
10319
10318
10317
10314
10312
10310
10310
10312
10313
10313
10313
10315
10315
10315
10314
10313
10312
10311
10313
10322
10333
10343
10354
10366
10371
10374
10377
10380
10380
10380
10381
10382
10383
10385
10386
10387
10388
10387
10387
10387
10386
10386
10386
10385
10385
10385
10385
10383
10381
10380
10380
10379
10380
10381
10381
10382
10382
10382
10382
10382
10382
10382
10381
10381
10381
10380
10380
10380
10380
10380
10381
10381
10382
10382
10381
10381
10380
10380
10379
10383
10389
10397
10403
10407
10408
10411
10411
10415
10420
10424
10425
10429
10431
10435
10439
10442
10444
10445
10446
10445
10446
10445
10444
10445
10445
10446
10447
10447
10447
10447
10448
10450
10450
10451
10452
10453
10453
10453
10453
10453
10453
10453
10453
10453
10453
10452
10452
10452
10452
10451
10452
10451
10450
10450
10451
10451
10452
10451
10451
10452
10452
10452
10453
10457
10454
10455
10453
10449
10445
10445
10442
10442
10445
10446
10448
10455
10458
10461
10461
10463
10461
10462
10462
10464
10464
10465
10465
10465
10463
10462
10461
10461
10459
10459
10458
10457
10456
10456
10457
10457
10458
10460
10460
10460
10461
10462
10461
10462
10461
10461
10461
10462
10461
10461
10460
10459
10459
10460
10461
10458
10455
10452
10453
10455
10460
10468
10477
10482
10487
10490
10491
10491
10491
10493
10495
10499
10503
10508
10511
10513
10514
10514
10513
10513
10513
10513
10513
10513
10512
10512
10511
10512
10511
10511
10512
10512
10512
10513
10513
10514
10515
10515
10515
10516
10515
10515
10514
10514
10513
10512
10511
10512
10512
10512
10511
10510
10508
10506
10505
10508
10512
10517
10520
10526
10527
10527
10525
10523
10519
10515
10515
10515
10513
10511
10511
10509
10510
10513
10514
10515
10515
10514
10514
10516
10518
10519
10520
10521
10520
10519
10519
10519
10519
10519
10519
10519
10519
10518
10518
10517
10515
10513
10513
10511
10510
10509
10508
10506
10507
10508
10509
10510
10512
10513
10513
10514
10517
10518
10520
10531
10543
10556
10575
10593
10604
10615
10624
10626
10630
10632
10635
10637
10640
10641
10641
10641
10641
10642
10643
10642
10640
10638
10635
10633
10632
10632
10626
10618
10609
10598
10588
10584
10585
10586
10588
10591
10595
10598
10602
10607
10609
10610
10613
10614
10617
10621
10623
10623
10625
10625
10625
10625
10624
10624
10624
10624
10625
10626
10628
10632
10637
10642
10650
10655
10661
10664
10666
10668
10671
10672
10675
10674
10672
10671
10669
10668
10670
10672
10672
10673
10673
10672
10671
10670
10669
10670
10670
10672
10673
10675
10678
10680
10683
10685
10685
10686
10686
10686
10686
10686
10686
10686
10686
10687
10687
10688
10689
10692
10694
10695
10697
10697
10696
10696
10696
10697
10698
10698
10698
10696
10694
10691
10688
10686
10685
10684
10682
10681
10680
10682
10683
10685
10687
10687
10686
10684
10684
10683
10684
10684
10686
10686
10686
10685
10685
10684
10684
10683
10683
10683
10683
10683
10684
10685
10685
10686
10686
10686
10686
10686
10686
10686
10685
10685
10684
10682
10681
10680
10679
10680
10681
10683
10688
10691
10694
10698
10703
10706
10707
10714
10720
10724
10729
10733
10733
10738
10740
10738
10738
10738
10732
10729
10729
10728
10726
10725
10723
10722
10722
10724
10727
10729
10731
10733
10732
10732
10731
10731
10731
10732
10734
10737
10738
10741
10741
10741
10741
10741
10740
10741
10742
10742
10742
10743
10743
10744
10745
10746
10748
10749
10750
10751
10753
10755
10757
10758
10759
10759
10758
10761
10763
10765
10769
10771
10771
10769
10769
10766
10765
10761
10759
10753
10747
10744
10742
10740
10741
10742
10743
10742
10742
10741
10742
10743
10744
10744
10746
10747
10747
10748
10750
10752
10753
10755
10755
10754
10753
10753
10751
10749
10747
10747
10746
10745
10747
10748
10748
10748
10748
10746
10745
10745
10743
10740
10737
10733
10728
10726
10724
10729
10736
10745
10754
10761
10761
10760
10756
10753
10749
10745
10739
10730
10721
10714
10710
10708
10709
10712
10715
10719
10721
10723
10723
10721
10717
10713
10711
10710
10708
10705
10704
10699
10696
10696
10695
10694
10695
10697
10697
10699
10701
10702
10702
10704
10702
10701
10702
10703
10703
10705
10710
10713
10717
10721
10725
10726
10727
10728
10727
10731
10735
10738
10743
10747
10747
10747
10752
10755
10760
10767
10773
10776
10780
10782
10784
10788
10790
10790
10790
10790
10788
10787
10787
10789
10790
10790
10791
10791
10791
10789
10789
10788
10788
10785
10782
10779
10777
10775
10775
10777
10777
10773
10771
10769
10765
10765
10768
10768
10769
10770
10770
10771
10773
10773
10772
10769
10767
10765
10763
10756
10749
10741
10732
10721
10716
10715
10713
10715
10721
10725
10727
10732
10736
10740
10746
10750
10753
10753
10753
10750
10749
10748
10748
10748
10749
10750
10750
10752
10754
10755
10755
10756
10756
10756
10756
10756
10756
10755
10754
10753
10752
10751
10750
10749
10748
10748
10748
10748
10749
10750
10749
10745
10741
10738
10734
10731
10732
10732
10731
10738
10746
10751
10757
10767
10769
10770
10774
10777
10776
10777
10777
10771
10765
10762
10759
10754
10751
10748
10745
10743
10742
10744
10748
10749
10750
10752
10752
10753
10753
10752
10750
10747
10743
10739
10737
10736
10737
10738
10738
10739
10740
10740
10739
10738
10737
10736
10736
10737
10739
10741
10742
10743
10745
10746
10747
10745
10743
10741
10739
10735
10733
10731
10731
10730
10730
10728
10727
10722
10721
10724
10729
10732
10736
10738
10737
10737
10738
10738
10738
10738
10737
10737
10737
10737
10738
10738
10738
10739
10742
10745
10749
10752
10752
10751
10751
10750
10748
10748
10747
10746
10745
10744
10744
10743
10743
10743
10744
10745
10746
10746
10747
10747
10748
10748
10748
10747
10747
10746
10745
10748
10751
10754
10759
10765
10765
10766
10769
10770
10770
10771
10771
10766
10761
10753
10748
10744
10744
10742
10743
10743
10744
10743
10744
10744
10742
10741
10739
10738
10738
10739
10739
10741
10743
10745
10746
10746
10746
10745
10744
10743
10743
10743
10742
10742
10741
10741
10742
10743
10743
10744
10744
10741
10738
10735
10734
10733
10733
10734
10735
10732
10726
10722
10716
10710
10707
10709
10710
10714
10718
10723
10724
10728
10729
10731
10734
10738
10740
10742
10744
10745
10742
10741
10740
10739
10739
10740
10740
10741
10742
10743
10743
10743
10741
10740
10739
10739
10738
10738
10738
10738
10739
10740
10740
10739
10739
10739
10739
10738
10739
10738
10737
10736
10736
10735
10735
10735
10734
10733
10732
10734
10736
10740
10746
10751
10753
10754
10757
10757
10761
10765
10769
10773
10777
10779
10781
10783
10784
10785
10786
10785
10784
10780
10772
10761
10752
10744
10739
10738
10741
10741
10741
10742
10741
10740
10741
10741
10740
10740
10739
10739
10740
10740
10741
10741
10739
10737
10736
10728
10722
10717
10712
10707
10706
10703
10701
10699
10699
10702
10706
10721
10737
10752
10771
10793
10800
10803
10803
10799
10789
10782
10772
10766
10758
10753
10746
10743
10741
10741
10741
10745
10751
10752
10752
10752
10750
10749
10748
10751
10752
10755
10757
10758
10757
10757
10756
10754
10752
10753
10751
10750
10749
10748
10748
10748
10748
10751
10751
10749
10749
10748
10750
10753
10758
10759
10760
10756
10752
10749
10747
10746
10747
10748
10747
10749
10750
10751
10750
10751
10749
10748
10747
10748
10752
10757
10760
10763
10764
10764
10764
10764
10765
10765
10765
10767
10769
10771
10773
10777
10779
10781
10782
10782
10779
10776
10775
10775
10776
10780
10783
10783
10784
10785
10784
10782
10784
10785
10785
10787
10788
10788
10789
10790
10791
10791
10794
10792
10790
10786
10784
10789
10796
10804
10809
10817
10813
10811
10807
10804
10802
10802
10804
10805
10810
10811
10811
10811
10812
10812
10811
10810
10809
10808
10807
10807
10805
10802
10800
10797
10796
10796
10796
10796
10796
10796
10793
10791
10787
10784
10781
10781
10781
10782
10782
10782
10782
10784
10784
10785
10786
10787
10788
10788
10790
10791
10791
10791
10793
10796
10799
10793
10787
10781
10777
10772
10775
10779
10782
10783
10784
10783
10781
10780
10778
10776
10780
10785
10791
10794
10797
10797
10797
10795
10795
10797
10797
10797
10797
10796
10793
10791
10788
10787
10787
10785
10784
10782
10781
10779
10780
10781
10782
10782
10783
10784
10786
10787
10788
10788
10788
10786
10785
10784
10784
10784
10785
10784
10784
10782
10781
10784
10788
10791
10795
10800
10797
10792
10785
10775
10767
10761
10758
10758
10762
10762
10766
10770
10773
10774
10775
10774
10773
10772
10770
10770
10769
10769
10771
10772
10774
10774
10774
10774
10772
10770
10770
10768
10765
10765
10764
10764
10763
10764
10765
10765
10766
10767
10768
10768
10769
10770
10770
10771
10772
10773
10773
10774
10776
10779
10781
10785
10791
10798
10805
10811
10809
10804
10796
10784
10775
10772
10772
10769
10772
10771
10770
10770
10769
10764
10762
10757
10754
10753
10753
10754
10757
10758
10758
10758
10759
10759
10759
10760
10762
10763
10763
10765
10765
10765
10765
10766
10766
10765
10765
10763
10762
10762
10763
10763
10764
10765
10767
10769
10771
10773
10774
10774
10773
10773
10772
10775
10777
10782
10784
10786
10787
10787
10788
10791
10792
10792
10793
10793
10791
10793
10796
10797
10799
10803
10804
10804
10803
10802
10801
10800
10800
10798
10797
10795
10794
10794
10795
10795
10797
10799
10800
10801
10803
10804
10804
10804
10804
10803
10802
10801
10802
10803
10803
10805
10806
10807
10808
10809
10808
10808
10809
10811
10813
10816
10819
10816
10814
10811
10807
10804
10805
10806
10806
10808
10809
10809
10808
10807
10807
10807
10808
10810
10813
10815
10817
10818
10819
10819
10818
10817
10816
10816
10815
10815
10814
10814
10814
10813
10811
10810
10809
10808
10808
10810
10810
10809
10808
10807
10808
10807
10808
10809
10809
10808
10807
10807
10807
10807
10806
10805
10805
10805
10805
10806
10806
10806
10806
10803
10802
10804
10805
10806
10808
10810
10809
10811
10812
10813
10813
10812
10811
10808
10808
10809
10809
10809
10809
10809
10808
10807
10806
10806
10806
10807
10807
10807
10807
10807
10806
10807
10807
10807
10807
10806
10806
10805
10804
10801
10795
10786
10779
10767
10753
10743
10736
10729
10725
10728
10728
10727
10724
10722
10721
10719
10719
10716
10711
10706
10700
10691
10684
10682
10679
10681
10687
10694
10697
10699
10698
10696
10694
10692
10691
10691
10690
10691
10693
10695
10697
10700
10703
10705
10706
10708
10710
10711
10713
10716
10716
10716
10716
10715
10714
10714
10713
10713
10713
10712
10713
10714
10714
10714
10715
10717
10719
10721
10724
10727
10728
10731
10732
10733
10732
10730
10729
10724
10719
10715
10713
10710
10711
10709
10709
10705
10702
10704
10705
10705
10707
10709
10708
10709
10710
10709
10707
10706
10708
10710
10712
10715
10719
10719
10720
10720
10719
10717
10715
10714
10713
10713
10713
10714
10716
10717
10716
10715
10713
10710
10709
10710
10710
10710
10709
10707
10706
10707
10708
10710
10712
10713
10712
10709
10704
10700
10696
10694
10692
10694
10697
10699
10696
10695
10693
10689
10686
10688
10689
10688
10689
10689
10688
10688
10687
10686
10682
10680
10677
10675
10675
10675
10674
10674
10675
10674
10674
10674
10672
10670
10668
10668
10666
10662
10658
10653
10650
10648
10650
10652
10655
10657
10657
10658
10661
10663
10666
10669
10673
10676
10678
10681
10685
10686
10686
10686
10684
10676
10669
10662
10656
10650
10648
10644
10643
10642
10641
10643
10645
10645
10641
10641
10640
10638
10636
10636
10634
10634
10634
10634
10634
10632
10631
10630
10629
10629
10628
10627
10624
10623
10621
10621
10620
10619
10616
10613
10611
10609
10609
10611
10613
10615
10620
10623
10626
10627
10627
10626
10627
10628
10630
10633
10636
10636
10637
10638
10638
10627
10617
10608
10598
10591
10595
10599
10603
10604
10604
10603
10603
10603
10607
10610
10613
10615
10617
10616
10617
10617
10618
10618
10620
10622
10624
10626
10626
10625
10625
10626
10627
10629
10630
10631
10630
10629
10628
10626
10626
10627
10627
10627
10628
10627
10627
10628
10628
10629
10630
10630
10630
10629
10627
10625
10624
10622
10621
10620
10619
10633
10648
10663
10678
10693
10692
10692
10690
10688
10689
10690
10690
10692
10696
10698
10698
10699
10700
10700
10699
10698
10693
10689
10685
10682
10681
10683
10683
10684
10684
10685
10685
10687
10689
10692
10694
10696
10697
10697
10696
10695
10694
10694
10695
10696
10697
10698
10699
10699
10701
10702
10703
10703
10703
10701
10699
10697
10696
10696
10698
10702
10705
10707
10709
10707
10703
10699
10696
10694
10695
10694
10695
10696
10694
10689
10685
10679
10675
10673
10673
10673
10674
10674
10675
10675
10677
10677
10677
10676
10675
10674
10674
10673
10673
10675
10676
10675
10676
10675
10672
10668
10667
10665
10663
10662
10663
10662
10662
10664
10663
10663
10664
10664
10665
10666
10666
10665
10665
10664
10664
10670
10678
10684
10689
10696
10695
10694
10693
10691
10690
10690
10690
10695
10701
10708
10715
10721
10724
10727
10731
10734
10738
10741
10744
10743
10744
10744
10745
10747
10748
10747
10748
10748
10750
10752
10754
10755
10758
10758
10758
10758
10758
10757
10757
10757
10756
10756
10755
10756
10756
10759
10763
10766
10770
10775
10777
10778
10781
10781
10782
10791
10801
10809
10819
10827
10827
10823
10823
10821
10821
10820
10821
10821
10821
10825
10829
10834
10838
10843
10845
10851
10857
10861
10866
10868
10867
10865
10864
10858
10855
10854
10853
10851
10853
10856
10858
10860
10862
10862
10862
10862
10861
10860
10858
10855
10852
10849
10845
10841
10837
10832
10825
10820
10819
10820
10822
10824
10826
10828
10826
10826
10829
10832
10832
10831
10829
10828
10826
10823
10824
10822
10820
10821
10825
10828
10833
10837
10838
10840
10842
10844
10845
10847
10847
10847
10847
10846
10845
10844
10843
10842
10842
10843
10843
10843
10844
10844
10844
10844
10844
10844
10847
10849
10851
10852
10853
10852
10851
10851
10851
10852
10851
10850
10849
10848
10847
10848
10849
10850
10851
10850
10848
10845
10841
10837
10837
10835
10835
10838
10840
10840
10843
10844
10845
10846
10846
10843
10841
10840
10838
10839
10840
10841
10841
10843
10844
10845
10846
10846
10846
10846
10846
10845
10846
10846
10845
10846
10847
10847
10848
10849
10848
10848
10848
10847
10847
10846
10845
10845
10845
10845
10845
10845
10845
10844
10844
10845
10846
10847
10849
10848
10847
10843
10835
10827
10823
10818
10814
10814
10808
10803
10794
10786
10780
10779
10777
10776
10774
10772
10772
10772
10774
10776
10776
10772
10771
10769
10768
10768
10768
10769
10771
10772
10771
10772
10771
10769
10770
10770
10769
10769
10769
10767
10767
10767
10766
10765
10763
10760
10755
10750
10747
10745
10744
10745
10747
10748
10749
10749
10750
10748
10746
10743
10740
10737
10737
10736
10735
10733
10730
10723
10718
10714
10715
10715
10720
10727
10733
10737
10740
10741
10737
10733
10730
10727
10724
10724
10725
10725
10725
10726
10726
10724
10722
10720
10716
10712
10708
10704
10703
10704
10703
10704
10706
10706
10707
10707
10708
10708
10707
10707
10708
10706
10706
10705
10705
10705
10707
10708
10709
10716
10722
10727
10733
10739
10739
10740
10744
10746
10749
10749
10748
10745
10739
10735
10731
10729
10728
10728
10730
10731
10734
10733
10733
10732
10730
10728
10726
10724
10721
10718
10716
10715
10715
10717
10718
10718
10719
10720
10720
10721
10722
10721
10720
10719
10719
10718
10719
10720
10719
10718
10719
10717
10717
10718
10720
10721
10723
10724
10725
10712
10697
10681
10661
10644
10639
10636
10635
10636
10631
10630
10624
10618
10613
10613
10613
10615
10619
10621
10620
10620
10624
10627
10630
10632
10634
10631
10627
10624
10620
10617
10614
10611
10609
10609
10607
10607
10608
10608
10610
10612
10613
10612
10611
10607
10603
10598
10594
10591
10591
10591
10594
10595
10596
10594
10596
10592
10587
10584
10581
10581
10584
10588
10592
10598
10595
10591
10588
10584
10580
10580
10579
10575
10568
10557
10542
10530
10524
10521
10522
10532
10542
10547
10550
10554
10553
10549
10552
10559
10563
10568
10574
10577
10578
10581
10588
10593
10600
10608
10611
10612
10613
10613
10613
10615
10619
10625
10631
10641
10647
10651
10651
10652
10648
10642
10635
10626
10616
10608
10603
10607
10613
10620
10623
10620
10616
10612
10603
10596
10595
10590
10584
10583
10586
10591
10594
10599
10601
10604
10600
10599
10597
10598
10602
10608
10612
10616
10619
10618
10618
10617
10617
10616
10617
10618
10622
10626
10629
10630
10632
10635
10637
10642
10644
10646
10645
10644
10641
10640
10639
10639
10639
10639
10640
10639
10639
10640
10642
10643
10645
10635
10625
10612
10597
10583
10582
10583
10585
10593
10602
10609
10610
10612
10611
10610
10606
10607
10607
10606
10604
10601
10597
10591
10584
10578
10578
10575
10575
10577
10577
10577
10579
10582
10584
10588
10589
10589
10588
10588
10586
10585
10584
10581
10578
10576
10574
10573
10574
10572
10569
10564
10561
10557
10557
10557
10559
10560
10563
10565
10567
10572
10575
10574
10575
10575
10572
10571
10572
10571
10571
10569
10567
10565
10563
10562
10563
10563
10565
10566
10565
10565
10565
10564
10564
10563
10563
10562
10562
10561
10560
10559
10558
10557
10556
10557
10557
10557
10558
10558
10558
10559
10560
10559
10559
10558
10557
10556
10555
10554
10554
10553
10554
10554
10554
10554
10554
10553
10553
10553
10554
10556
10558
10559
10559
10560
10560
10560
10560
10562
10562
10564
10565
10566
10567
10567
10567
10567
10566
10566
10566
10566
10566
10565
10565
10564
10562
10562
10562
10562
10563
10563
10563
10563
10564
10566
10568
10569
10570
10571
10570
10570
10572
10572
10572
10572
10571
10572
10573
10574
10576
10579
10582
10584
10587
10589
10590
10590
10590
10589
10588
10585
10583
10580
10578
10576
10575
10576
10576
10576
10576
10576
10576
10574
10573
10571
10570
10570
10571
10572
10573
10574
10574
10574
10573
10572
10571
10570
10568
10566
10566
10565
10564
10563
10563
10562
10563
10562
10563
10562
10562
10561
10561
10560
10558
10556
10550
10544
10543
10542
10541
10541
10541
10534
10527
10535
10545
10552
10563
10575
10572
10571
10572
10571
10571
10569
10567
10565
10563
10562
10563
10563
10565
10566
10565
10565
10565
10564
10564
10563
10563
10562
10562
10561
10560
10559
10558
10557
10556
10557
10557
10557
10558
10558
10558
10559
10560
10559
10559
10558
10557
10556
10555
10554
10554
10553
10554
10554
10554
10554
10554
10553
10553
10553
10554
10556
10558
10559
10559
10560
10560
10560
10560
10562
10562
10564
10565
10566
10567
10567
10567
10567
10566
10566
10566
10566
10566
10565
10565
10564
10562
10562
10562
10562
10563
10563
10563
10563
10564
10566
10568
10569
10570
10571
10570
10570
10572
10572
10572
10572
10571
10572
10573
10574
10576
10579
10582
10584
10587
10589
10590
10590
10590
10589
10588
10585
10583
10580
10578
10576
10575
10576
10576
10576
10576
10576
10576
10574
10573
10571
10570
10570
10571
10572
10573
10574
10574
10574
10573
10572
10571
10570
10568
10566
10566
10565
10564
10563
10563
10562
10563
10562
10563
10562
10562
10561
10561
10560
10558
10556
10550
10544
10543
10542
10540
10540
10541
10534
10528
10524
10523
