10630
10630
10631
10635
10611
10604
10588
10582
10586
10586
10590
10591
10585
10581
10563
10560
10566
10566
10564
10565
10566
10562
10564
10574
10574
10569
10569
10563
10556
10551
10547
10548
10548
10552
10552
10548
10550
10548
10547
10554
10555
10561
10559
10555
10554
10556
10555
10552
10554
10559
10563
10568
10563
10562
10564
10564
10563
10560
10560
10565
10610
10599
10606
10612
10614
10593
10598
10605
10603
10600
10594
10594
10600
10600
10597
10595
10597
10594
10583
10585
10584
10584
10581
10571
10572
10575
10577
10576
10576
10579
10580
10578
10577
10582
10582
10582
10583
10584
10584
10585
10585
10585
10588
10589
10593
10591
10591
10590
10588
10586
10584
10584
10582
10583
10587
10588
10588
10588
10589
10591
10597
10586
10587
10603
10598
10591
10591
10587
10582
10575
10574
10576
10572
10572
10568
10541
10543
10536
10522
10529
10533
10534
10530
10531
10530
10530
10530
10539
10540
10544
10543
10539
10536
10540
10542
10540
10549
10548
10548
10550
10546
10540
10539
10543
10543
10540
10538
10534
10530
10532
10531
10535
10540
10538
10537
10536
10536
10526
10523
10523
10526
10508
10514
10525
10522
10508
10508
10515
10520
10523
10530
10538
10539
10537
10538
10534
10534
10543
10541
10527
10529
10533
10531
10529
10531
10535
10537
10536
10540
10540
10537
10536
10536
10538
10539
10542
10545
10543
10544
10540
10539
10538
10539
10542
10541
10541
10540
10537
10537
10537
10536
10536
10534
10535
10536
10535
10532
10532
10531
10531
10536
10536
10539
10541
10547
10545
10535
10527
10531
10527
10521
10513
10519
10515
10520
10520
10519
10518
10513
10502
10513
10513
10515
10516
10521
10525
10525
10527
10524
10525
10530
10534
10530
10530
10535
10537
10543
10550
10558
10554
10551
10550
10552
10553
10554
10554
10554
10552
10551
10552
10548
10547
10546
10545
10544
10544
10560
10564
10570
10569
10615
10617
10619
10619
10603
10599
10592
10598
10598
10593
10595
10599
10607
10601
10605
10603
10603
10633
10637
10641
10641
10636
10635
10633
10631
10631
10633
10635
10635
10639
10639
10640
10644
10646
10643
10645
10649
10647
10642
10639
10640
10639
10640
10636
10636
10637
10636
10637
10637
10636
10637
10635
10637
10637
10642
10642
10641
10637
10636
10638
10650
10652
10654
10654
10645
10648
10653
10645
10645
10658
10655
10652
10635
10625
10630
10630
10629
10615
10612
10611
10614
10616
10615
10619
10615
10615
10615
10615
10613
10613
10611
10615
10616
10616
10618
10615
10613
10613
10612
10612
10611
10611
10609
10611
10610
10604
10596
10597
10593
10586
10581
10580
10580
10575
10577
10578
10575
10578
10580
10580
10577
10569
10567
10568
10585
10582
10554
10541
10532
10538
10536
10534
10541
10544
10542
10540
10537
10540
10551
10554
10548
10557
10555
10555
10549
10549
10544
10544
10543
10543
10540
10540
10539
10536
10536
10530
10520
10517
10518
10512
10521
10524
10521
10515
10513
10505
10504
10505
10510
10510
10501
10509
10512
10514
10512
10512
10511
10510
10510
10510
10506
10503
10490
10490
10503
10519
10525
10532
10530
10537
10534
10540
10543
10541
10550
10550
10544
10543
10544
10549
10549
10554
10559
10565
10568
10565
10567
10569
10569
10566
10570
10572
10570
10572
10571
10575
10578
10575
10577
10581
10582
10583
10583
10581
10578
10580
10580
10579
10578
10578
10576
10575
10577
10577
10572
10575
10575
10572
10575
10575
10568
10553
10554
10556
10548
10544
10534
10525
10518
10522
10519
10501
10495
10495
10505
10503
10504
10503
10503
10501
10493
10480
10461
10460
10454
10459
10457
10458
10459
10455
10456
10457
10457
10457
10455
10449
10443
10441
10442
10454
10454
10450
10449
10447
10440
10442
10439
10439
10439
10439
10438
10438
10442
10445
10443
10443
10440
10434
10437
10437
10446
10453
10453
10446
10419
10408
10388
10364
10365
10378
10372
10374
10364
10362
10363
10340
10340
10331
10332
10333
10349
10370
10361
10357
10354
10359
10361
10361
10355
10354
10355
10352
10348
10351
10352
10355
10358
10353
10351
10348
10348
10338
10342
10343
10343
10343
10338
10332
10335
10336
10335
10346
10354
10354
10354
10346
10343
10336
10335
10335
10309
10325
10330
10347
10339
10347
10351
10342
10354
10359
10369
10362
10357
10350
10352
10339
10331
10328
10334
10338
10337
10340
10346
10347
10341
10334
10336
10332
10332
10330
10328
10331
10333
10335
10334
10330
10328
10325
10323
10318
10309
10304
10303
10305
10303
10303
10300
10296
10290
10290
10291
10286
10287
10273
10270
10277
10272
10268
10267
10267
10302
10302
10306
10327
10326
10322
10318
10307
10316
10333
10336
10330
10332
10339
10336
10337
10340
10336
10336
10332
10335
10336
10332
10329
10329
10333
10335
10338
10332
10332
10332
10335
10336
10336
10335
10333
10333
10333
10331
10330
10325
10323
10321
10319
10322
10322
10323
10322
10325
10324
10323
10330
10329
10328
10328
10324
10326
10325
10331
10333
10350
10343
10340
10332
10341
10338
10325
10332
10337
10330
10324
10319
10298
10295
10293
10288
10297
10296
10310
10310
10304
10300
10297
10297
10305
10305
10303
10304
10304
10299
10298
10302
10320
10325
10333
10333
10329
10330
10326
10329
10327
10326
10326
10311
10314
10326
10323
10313
10312
10312
10311
10310
10304
10303
10301
10307
10313
10306
10309
10312
10316
10320
10320
10318
10328
10323
10323
10315
10306
10302
10301
10298
10286
10275
10286
10285
10285
10288
10281
10282
10283
10284
10283
10296
10303
10300
10299
10298
10293
10296
10306
10310
10308
10308
10316
10323
10321
10320
10317
10324
10325
10322
10320
10313
10311
10313
10314
10314
10317
10317
10314
10315
10320
10321
10319
10313
10314
10315
10315
10321
10366
10364
10365
10370
10380
10385
10383
10380
10383
10384
10384
10384
10384
10394
10390
10388
10389
10388
10388
10387
10387
10386
10388
10387
10387
10387
10385
10384
10383
10380
10380
10381
10382
10383
10383
10382
10383
10383
10383
10383
10382
10382
10383
10382
10381
10380
10380
10381
10381
10381
10383
10383
10383
10383
10383
10383
10382
10380
10381
10381
10400
10409
10419
10422
10411
10407
10430
10424
10434
10431
10427
10430
10440
10443
10445
10447
10445
10447
10448
10449
10447
10445
10447
10446
10449
10453
10448
10449
10450
10449
10449
10452
10456
10456
10458
10457
10454
10455
10455
10454
10453
10454
10455
10455
10454
10453
10453
10454
10456
10455
10453
10454
10452
10452
10453
10456
10455
10454
10452
10452
10474
10463
10458
10465
10475
10469
10454
10454
10442
10451
10454
10452
10448
10449
10458
10459
10474
10470
10463
10464
10465
10468
10464
10465
10472
10469
10467
10465
10466
10465
10461
10460
10464
10463
10458
10458
10459
10456
10458
10462
10462
10460
10463
10463
10463
10464
10465
10462
10462
10463
10463
10464
10464
10463
10462
10462
10461
10462
10464
10465
10461
10450
10450
10469
10477
10473
10483
10493
10498
10496
10497
10490
10497
10503
10502
10502
10507
10515
10519
10518
10516
10514
10515
10515
10518
10518
10514
10515
10515
10514
10512
10512
10515
10513
10512
10514
10514
10514
10515
10515
10517
10517
10517
10519
10516
10516
10515
10516
10514
10513
10513
10511
10514
10514
10514
10512
10511
10508
10507
10506
10539
10529
10527
10531
10535
10542
10531
10527
10515
10517
10520
10527
10523
10515
10510
10515
10514
10518
10518
10517
10516
10520
10514
10519
10524
10525
10524
10521
10520
10519
10520
10521
10522
10520
10519
10520
10521
10520
10519
10517
10518
10516
10513
10512
10512
10510
10510
10509
10511
10513
10515
10515
10514
10517
10518
10518
10518
10522
10523
10525
10575
10580
10584
10622
10627
10631
10632
10634
10635
10636
10643
10648
10645
10642
10640
10644
10647
10647
10645
10643
10643
10638
10635
10635
10634
10635
10635
10633
10610
10596
10589
10584
10590
10594
10599
10596
10597
10608
10610
10615
10613
10612
10614
10621
10624
10623
10628
10627
10627
10628
10627
10630
10630
10626
10625
10627
10626
10629
10631
10634
10661
10649
10654
10670
10674
10676
10675
10670
10678
10680
10682
10684
10673
10670
10672
10671
10673
10676
10678
10674
10675
10675
10671
10674
10672
10672
10674
10675
10674
10677
10687
10688
10686
10688
10688
10687
10687
10688
10689
10688
10688
10687
10687
10687
10688
10691
10691
10694
10700
10702
10699
10698
10697
10698
10699
10700
10705
10704
10699
10699
10692
10690
10689
10688
10691
10690
10684
10684
10680
10686
10694
10693
10689
10687
10687
10688
10687
10684
10688
10687
10690
10690
10688
10686
10687
10686
10686
10686
10684
10686
10686
10685
10685
10686
10688
10687
10687
10687
10687
10688
10687
10687
10687
10685
10685
10685
10684
10679
10679
10684
10686
10688
10687
10701
10704
10703
10704
10713
10713
10713
10747
10735
10743
10740
10738
10737
10757
10756
10747
10730
10735
10737
10733
10733
10731
10730
10727
10722
10725
10730
10734
10734
10735
10732
10735
10734
10733
10732
10735
10734
10739
10741
10743
10744
10742
10743
10741
10742
10742
10747
10744
10744
10744
10746
10745
10744
10747
10752
10753
10751
10751
10754
10755
10760
10760
10760
10763
10763
10760
10760
10780
10774
10774
10781
10779
10770
10772
10780
10771
10767
10760
10762
10756
10745
10742
10746
10748
10748
10743
10745
10744
10744
10744
10745
10748
10751
10749
10749
10748
10750
10755
10757
10757
10757
10757
10756
10756
10752
10753
10754
10750
10745
10745
10749
10748
10752
10753
10750
10748
10749
10749
10744
10746
10744
10738
10735
10730
10725
10726
10726
10752
10763
10769
10783
10769
10762
10755
10754
10752
10752
10745
10738
10728
10716
10712
10712
10716
10715
10717
10723
10730
10732
10728
10724
10718
10715
10710
10716
10714
10708
10704
10702
10696
10697
10701
10701
10695
10696
10706
10705
10708
10706
10705
10706
10709
10708
10701
10705
10708
10710
10712
10727
10723
10727
10729
10729
10729
10727
10727
10727
10753
10748
10747
10751
10757
10755
10753
10770
10772
10775
10780
10782
10787
10796
10785
10792
10799
10800
10795
10789
10790
10792
10788
10790
10793
10797
10797
10794
10792
10794
10792
10788
10790
10789
10789
10782
10778
10779
10778
10779
10782
10781
10773
10764
10768
10770
10774
10774
10770
10771
10772
10776
10775
10776
10775
10771
10768
10764
10764
10763
10740
10734
10731
10730
10722
10715
10720
10720
10727
10738
10738
10733
10739
10749
10756
10758
10764
10757
10754
10756
10751
10748
10751
10754
10752
10751
10753
10753
10761
10763
10757
10756
10756
10758
10761
10758
10757
10756
10757
10755
10751
10751
10754
10752
10749
10748
10749
10752
10752
10752
10751
10749
10747
10736
10741
10735
10734
10735
10735
10733
10773
10772
10767
10772
10780
10779
10778
10786
10784
10780
10782
10785
10775
10758
10760
10764
10764
10749
10744
10748
10748
10746
10751
10754
10755
10756
10753
10759
10756
10757
10754
10750
10746
10738
10738
10737
10739
10744
10740
10740
10742
10742
10742
10741
10737
10737
10742
10742
10742
10741
10747
10748
10749
10748
10748
10751
10748
10739
10739
10739
10731
10734
10727
10739
10745
10737
10732
10724
10722
10727
10742
10750
10745
10738
10741
10740
10744
10744
10741
10739
10736
10737
10742
10742
10739
10740
10739
10740
10748
10755
10756
10753
10758
10755
10750
10751
10752
10748
10747
10747
10747
10746
10744
10745
10745
10744
10746
10750
10750
10747
10748
10750
10750
10751
10752
10749
10747
10746
10746
10746
10772
10765
10761
10776
10777
10774
10767
10770
10781
10782
10779
10772
10763
10755
10753
10747
10749
10747
10747
10743
10747
10747
10746
10749
10747
10742
10743
10742
10740
10742
10743
10745
10745
10747
10751
10750
10749
10745
10745
10744
10744
10745
10743
10742
10741
10743
10745
10746
10748
10748
10747
10742
10742
10736
10735
10737
10738
10738
10737
10740
10720
10721
10711
10714
10712
10710
10720
10720
10728
10732
10730
10725
10738
10738
10735
10741
10750
10750
10748
10746
10745
10743
10740
10742
10742
10743
10742
10743
10748
10747
10746
10746
10741
10741
10744
10743
10739
10739
10741
10739
10741
10742
10742
10740
10741
10739
10742
10742
10740
10740
10739
10738
10736
10736
10736
10740
10739
10735
10732
10731
10753
10750
10751
10762
10764
10757
10762
10767
10763
10769
10775
10778
10783
10787
10783
10787
10788
10789
10792
10787
10786
10784
10779
10770
10750
10737
10743
10741
10745
10745
10746
10740
10743
10741
10742
10743
10741
10741
10739
10740
10745
10744
10745
10742
10743
10738
10736
10737
10734
10713
10709
10713
10711
10710
10698
10698
10702
10708
10713
10714
10775
10783
10785
10810
10820
10820
10806
10799
10794
10794
10775
10766
10760
10755
10755
10748
10734
10746
10750
10750
10754
10760
10762
10758
10750
10747
10754
10753
10760
10761
10764
10764
10763
10758
10757
10759
10756
10752
10755
10755
10751
10749
10747
10753
10753
10752
10758
10754
10751
10750
10750
10768
10768
10769
10766
10757
10755
10751
10748
10748
10755
10748
10755
10759
10757
10761
10756
10758
10756
10746
10745
10750
10759
10770
10769
10773
10765
10765
10770
10772
10768
10767
10765
10766
10776
10778
10777
10777
10784
10787
10786
10786
10779
10779
10775
10779
10779
10783
10790
10794
10791
10784
10787
10785
10787
10788
10790
10788
10792
10794
10791
10792
10793
10795
10795
10800
10799
10787
10784
10785
10826
10821
10824
10824
10819
10821
10808
10806
10805
10810
10814
10815
10817
10818
10818
10812
10815
10815
10815
10814
10807
10811
10812
10810
10808
10809
10798
10800
10799
10801
10800
10799
10800
10799
10797
10796
10785
10783
10782
10785
10784
10784
10785
10784
10783
10784
10790
10789
10786
10788
10792
10796
10793
10791
10792
10793
10799
10801
10803
10810
10776
10768
10771
10785
10785
10787
10787
10786
10792
10791
10787
10781
10778
10778
10778
10800
10806
10805
10803
10797
10796
10801
10802
10796
10801
10800
10803
10803
10797
10789
10792
10789
10792
10790
10786
10785
10782
10786
10786
10783
10784
10784
10787
10785
10786
10792
10792
10790
10790
10789
10787
10784
10785
10791
10789
10787
10788
10782
10781
10783
10810
10803
10801
10803
10806
10805
10789
10772
10762
10764
10765
10761
10764
10770
10769
10779
10779
10779
10778
10777
10774
10777
10773
10768
10770
10771
10775
10780
10777
10777
10775
10775
10775
10773
10768
10769
10768
10765
10763
10764
10768
10767
10765
10770
10769
10768
10772
10770
10769
10775
10777
10775
10773
10776
10776
10777
10778
10784
10787
10789
10799
10807
10820
10828
10819
10821
10789
10784
10782
10776
10774
10777
10774
10778
10776
10771
10776
10773
10762
10758
10757
10754
10757
10759
10761
10762
10763
10759
10757
10766
10765
10763
10762
10766
10770
10769
10767
10767
10767
10770
10770
10769
10766
10763
10763
10763
10764
10766
10766
10768
10769
10777
10776
10776
10775
10774
10776
10774
10772
10773
10795
10790
10793
10800
10786
10791
10796
10805
10798
10802
10792
10798
10800
10796
10807
10802
10806
10809
10809
10805
10812
10803
10801
10801
10802
10801
10801
10795
10796
10796
10802
10801
10800
10799
10804
10805
10806
10808
10807
10810
10808
10805
10802
10802
10804
10805
10805
10807
10811
10811
10808
10811
10810
10809
10810
10815
10817
10819
10822
10825
10811
10805
10808
10810
10814
10812
10815
10808
10810
10811
10813
10809
10810
10813
10812
10816
10815
10820
10823
10823
10824
10821
10817
10819
10818
10817
10816
10815
10817
10816
10816
10816
10815
10809
10812
10810
10812
10812
10811
10811
10809
10809
10807
10814
10813
10809
10809
10809
10810
10808
10809
10809
10809
10806
10806
10806
10809
10810
10808
10806
10815
10807
10807
10804
10816
10818
10815
10814
10808
10814
10823
10820
10818
10813
10810
10813
10812
10809
10811
10812
10811
10810
10811
10807
10807
10808
10808
10808
10811
10810
10807
10809
10808
10808
10807
10809
10811
10807
10807
10805
10804
10805
10802
10796
10778
10767
10766
10752
10731
10733
10732
10736
10738
10732
10729
10722
10727
10723
10721
10724
10698
10700
10701
10702
10692
10680
10685
10687
10700
10708
10708
10704
10697
10698
10702
10700
10691
10690
10694
10693
10699
10699
10701
10700
10707
10712
10712
10711
10715
10715
10719
10719
10722
10721
10715
10716
10717
10717
10716
10712
10715
10715
10715
10716
10716
10715
10716
10719
10726
10728
10725
10732
10735
10737
10734
10735
10733
10732
10730
10729
10715
10711
10714
10721
10722
10719
10707
10708
10708
10705
10717
10716
10712
10708
10717
10716
10712
10709
10710
10706
10708
10723
10719
10719
10722
10723
10726
10720
10721
10719
10718
10715
10714
10714
10717
10716
10717
10723
10722
10720
10711
10710
10710
10716
10716
10714
10708
10709
10707
10710
10711
10715
10714
10716
10715
10713
10708
10702
10693
10693
10701
10695
10698
10715
10709
10706
10688
10692
10697
10694
10694
10691
10689
10693
10691
10690
10689
10689
10683
10682
10678
10680
10676
10679
10677
10674
10681
10681
10679
10676
10674
10670
10671
10669
10667
10669
10663
10652
10648
10650
10655
10657
10659
10661
10662
10659
10660
10668
10672
10675
10675
10684
10682
10686
10690
10690
10689
10686
10684
10686
10648
10652
10654
10658
10658
10652
10636
10645
10651
10650
10648
10643
10645
10643
10647
10647
10638
10638
10636
10639
10637
10636
10634
10632
10631
10631
10629
10629
10632
10635
10625
10623
10624
10623
10623
10624
10621
10614
10608
10613
10612
10612
10616
10620
10630
10633
10636
10632
10633
10626
10625
10635
10635
10635
10638
10639
10639
10638
10638
10638
10590
10588
10593
10594
10601
10607
10610
10616
10613
10605
10610
10609
10610
10620
10621
10620
10618
10620
10620
10623
10621
10620
10623
10626
10630
10629
10627
10627
10626
10627
10632
10634
10632
10633
10632
10629
10627
10628
10629
10628
10631
10633
10628
10629
10628
10629
10631
10631
10633
10632
10629
10633
10630
10627
10626
10626
10626
10620
10621
10620
10700
10693
10696
10697
10699
10695
10692
10691
10688
10698
10698
10695
10698
10710
10706
10707
10700
10702
10705
10705
10699
10691
10684
10685
10690
10687
10685
10688
10686
10688
10686
10689
10691
10697
10699
10703
10701
10699
10697
10697
10695
10698
10697
10699
10699
10700
10700
10700
10700
10708
10708
10709
10707
10702
10700
10698
10698
10699
10698
10708
10719
10717
10714
10713
10709
10699
10702
10698
10697
10707
10703
10700
10699
10698
10685
10675
10677
10677
10676
10675
10674
10680
10677
10679
10680
10679
10679
10677
10675
10675
10678
10675
10677
10673
10683
10682
10680
10674
10674
10669
10666
10667
10667
10662
10666
10667
10666
10666
10663
10666
10666
10669
10670
10667
10667
10669
10668
10667
10665
10667
10702
10700
10700
10697
10704
10700
10698
10695
10690
10690
10695
10700
10715
10717
10723
10731
10734
10731
10730
10745
10748
10752
10751
10744
10744
10751
10751
10754
10755
10751
10748
10750
10750
10758
10760
10759
10760
10761
10761
10758
10760
10759
10759
10758
10757
10757
10756
10758
10759
10759
10770
10773
10776
10785
10784
10782
10783
10785
10784
10788
10828
10830
10831
10832
10835
10836
10823
10828
10829
10824
10827
10818
10825
10825
10848
10846
10842
10848
10849
10857
10868
10870
10872
10877
10875
10868
10863
10866
10862
10852
10856
10858
10858
10859
10866
10866
10865
10867
10862
10863
10867
10867
10860
10856
10855
10854
10850
10845
10837
10833
10828
10826
10815
10824
10836
10836
10835
10822
10831
10829
10833
10838
10839
10839
10832
10828
10831
10835
10826
10829
10823
10819
10835
10842
10844
10840
10840
10840
10851
10852
10851
10847
10847
10850
10852
10850
10848
10845
10848
10845
10844
10844
10846
10848
10845
10847
10846
10846
10846
10850
10848
10857
10857
10856
10855
10854
10852
10852
10854
10855
10855
10855
10848
10850
10850
10853
10851
10854
10854
10856
10844
10841
10841
10844
10835
10843
10839
10842
10847
10850
10846
10848
10851
10852
10848
10849
10839
10840
10844
10843
10844
10842
10842
10846
10846
10850
10850
10848
10847
10848
10848
10847
10847
10847
10847
10846
10849
10849
10851
10849
10850
10850
10847
10849
10848
10847
10846
10845
10846
10848
10847
10846
10846
10846
10846
10848
10849
10851
10851
10856
10848
10844
10841
10837
10820
10820
10823
10827
10816
10812
10796
10790
10782
10781
10786
10785
10776
10774
10776
10783
10783
10778
10776
10775
10773
10770
10769
10771
10773
10772
10773
10776
10776
10773
10771
10773
10771
10773
10773
10771
10768
10768
10770
10768
10768
10767
10764
10763
10759
10756
10745
10748
10751
10750
10749
10754
10759
10750
10751
10751
10740
10747
10743
10737
10743
10747
10744
10739
10742
10724
10722
10712
10715
10725
10732
10733
10745
10753
10753
10743
10741
10739
10729
10726
10730
10726
10728
10733
10731
10726
10728
10727
10723
10722
10714
10712
10711
10708
10702
10709
10710
10711
10709
10708
10714
10711
10714
10711
10710
10710
10709
10713
10712
10705
10707
10710
10710
10712
10712
10711
10750
10743
10740
10748
10743
10741
10747
10763
10757
10755
10752
10747
10747
10740
10728
10729
10732
10733
10734
10736
10736
10742
10740
10732
10730
10730
10731
10727
10724
10721
10718
10718
10720
10721
10723
10721
10719
10724
10725
10725
10723
10723
10722
10719
10721
10720
10719
10722
10722
10721
10717
10724
10721
10720
10724
10725
10727
10726
10725
10730
10658
10658
10652
10645
10643
10647
10639
10641
10641
10633
10633
10626
10611
10612
10620
10626
10622
10626
10630
10624
10626
10643
10642
10639
10637
10631
10631
10629
10621
10619
10613
10616
10612
10609
10611
10608
10610
10612
10612
10617
10617
10614
10614
10609
10605
10600
10597
10594
10593
10602
10598
10604
10607
10599
10595
10600
10608
10581
10578
10581
10609
10600
10600
10605
10603
10602
10587
10584
10585
10586
10588
10585
10578
10561
10548
10532
10521
10525
10532
10540
10555
10575
10571
10554
10560
10563
10558
10564
10574
10583
10584
10582
10584
10582
10601
10610
10608
10613
10620
10617
10616
10614
10616
10616
10624
10638
10641
10645
10664
10664
10657
10652
10650
10651
10644
10627
10615
10604
10603
10605
10634
10644
10638
10646
10621
10612
10614
10611
10600
10593
10597
10600
10593
10594
10615
10614
10607
10608
10604
10602
10601
10603
10606
10621
10625
10624
10624
10620
10621
10626
10624
10617
10617
10623
10630
10635
10637
10632
10635
10641
10644
10648
10651
10648
10647
10648
10643
10639
10641
10643
10642
10644
10642
10644
10644
10641
10643
10648
10648
10651
10603
10593
10595
10589
10582
10588
10601
10602
10615
10624
10627
10624
10605
10609
10618
10618
10609
10614
10612
10609
10608
10599
10592
10578
10577
10584
10583
10578
10581
10578
10586
10585
10592
10593
10598
10596
10589
10586
10587
10589
10585
10586
10582
10575
10576
10574
10580
10579
10575
10567
10559
10560
10561
10566
10565
10562
10566
10573
10573
10573
10583
10586
10579
10573
10572
10572
10573
10572
10572
10571
10570
10564
10563
10562
10568
10568
10565
10568
10567
10566
10565
10564
10564
10564
10564
10562
10563
10563
10562
10560
10557
10558
10557
10557
10557
10556
10557
10561
10561
10562
10561
10562
10560
10559
10557
10556
10555
10557
10556
10554
10555
10555
10556
10555
10554
10553
10553
10555
10557
10557
10562
10563
10563
10560
10560
10561
10564
10561
10565
10567
10568
10568
10568
10568
10568
10568
10567
10566
10565
10567
10568
10566
10564
10564
10563
10563
10561
10566
10565
10566
10564
10562
10563
10570
10577
10576
10572
10572
10575
10575
10573
10573
10575
10573
10573
10574
10575
10576
10580
10584
10585
10588
10590
10594
10593
10594
10591
10590
10590
10589
10584
10578
10578
10580
10578
10576
10576
10577
10579
10577
10577
10576
10577
10570
10571
10571
10572
10576
10574
10575
10576
10575
10575
10575
10573
10571
10568
10567
10567
10567
10566
10564
10564
10564
10565
10564
10564
10562
10564
10563
10562
10561
10560
10556
10555
10568
10536
10555
10557
10551
10547
10537
10536
10522
10583
10586
10579
10573
10572
10572
10573
10572
10572
10571
10570
10564
10563
10562
10568
10568
10565
10568
10567
10566
10565
10564
10564
10564
10564
10562
10563
10563
10562
10560
10557
10558
10557
10557
10557
10556
10557
10561
10561
10562
10561
10562
10560
10559
10557
10556
10555
10557
10556
10554
10555
10555
10556
10555
10554
10553
10553
10555
10557
10557
10562
10563
10563
10560
10560
10561
10564
10561
10565
10567
10568
10568
10568
10568
10568
10568
10567
10566
10565
10567
10568
10566
10564
10564
10563
10563
10561
10566
10565
10566
10564
10562
10563
10570
10577
10576
10572
10572
10575
10575
10573
10573
10575
10573
10573
10574
10575
10576
10580
10584
10585
10588
10590
10594
10593
10594
10591
10590
10590
10589
10584
10578
10578
10580
10578
10576
10576
10577
10579
10577
10577
10576
10577
10570
10571
10571
10572
10576
10574
10575
10576
10575
10575
10575
10573
10571
10568
10567
10567
10567
10566
10564
10564
10564
10565
10564
10564
10562
10564
10563
10562
10561
10560
10556
10555
10568
10536
10555
10557
10551
10546
10535
10536
10520
10520
10530
