10622
10630
10625
10610
10603
10581
10579
10578
10580
10586
10589
10582
10578
10557
10549
10560
10563
10560
10555
10563
10561
10555
10561
10571
10567
10564
10562
10548
10541
10544
10546
10544
10548
10550
10549
10544
10547
10546
10545
10552
10553
10558
10553
10552
10553
10555
10545
10552
10553
10558
10562
10563
10559
10558
10562
10562
10558
10559
10559
10563
10600
10594
10603
10612
10590
10586
10596
10601
10598
10591
10589
10591
10600
10596
10590
10592
10589
10578
10581
10582
10583
10580
10570
10565
10570
10573
10571
10575
10574
10577
10577
10574
10577
10582
10582
10581
10581
10584
10584
10581
10583
10584
10587
10589
10591
10591
10590
10587
10585
10581
10581
10575
10576
10583
10586
10583
10587
10588
10589
10589
10581
10586
10580
10597
10590
10591
10585
10579
10565
10568
10573
10568
10569
10567
10532
10534
10535
10512
10519
10527
10533
10526
10526
10528
10529
10528
10530
10536
10538
10542
10535
10535
10534
10538
10540
10540
10547
10543
10546
10545
10539
10537
10539
10541
10539
10537
10534
10524
10529
10526
10526
10534
10536
10536
10534
10534
10520
10522
10521
10521
10505
10502
10512
10518
10493
10493
10504
10515
10514
10518
10529
10538
10530
10537
10528
10529
10533
10539
10523
10523
10526
10530
10524
10527
10530
10534
10533
10535
10539
10535
10531
10535
10535
10537
10535
10539
10540
10540
10538
10538
10538
10535
10538
10538
10541
10540
10535
10531
10535
10534
10532
10530
10532
10533
10533
10530
10529
10530
10531
10529
10535
10536
10529
10538
10544
10532
10517
10527
10526
10519
10510
10510
10512
10510
10517
10518
10516
10513
10498
10501
10509
10512
10512
10516
10518
10522
10522
10523
10520
10523
10529
10527
10525
10530
10534
10534
10540
10549
10554
10550
10549
10549
10549
10553
10548
10554
10552
10548
10551
10547
10542
10543
10545
10544
10543
10542
10556
10563
10564
10566
10614
10616
10618
10600
10592
10589
10582
10595
10593
10593
10587
10599
10600
10597
10600
10600
10603
10631
10635
10638
10635
10633
10632
10628
10629
10631
10631
10634
10634
10639
10635
10637
10640
10642
10641
10644
10647
10641
10638
10638
10638
10637
10636
10635
10635
10635
10635
10634
10635
10633
10634
10634
10636
10636
10642
10638
10636
10634
10634
10635
10648
10648
10652
10643
10642
10646
10641
10641
10645
10649
10652
10633
10622
10624
10625
10630
10613
10612
10607
10608
10611
10615
10615
10615
10612
10615
10615
10613
10613
10606
10609
10613
10612
10615
10615
10612
10610
10609
10611
10609
10610
10608
10607
10610
10604
10591
10594
10592
10584
10574
10579
10578
10574
10572
10576
10575
10573
10578
10580
10579
10565
10566
10555
10567
10581
10546
10538
10522
10529
10536
10531
10529
10538
10538
10540
10536
10529
10539
10549
10544
10548
10554
10553
10548
10546
10543
10542
10539
10539
10539
10538
10539
10535
10534
10527
10517
10509
10517
10513
10505
10520
10519
10513
10510
10503
10497
10501
10505
10509
10495
10496
10506
10509
10511
10511
10510
10510
10510
10510
10510
10501
10482
10478
10489
10501
10512
10523
10521
10529
10525
10533
10540
10539
10535
10550
10541
10539
10542
10539
10549
10549
10553
10558
10565
10564
10564
10564
10565
10565
10564
10570
10570
10569
10568
10571
10575
10571
10574
10575
10581
10582
10581
10579
10576
10576
10579
10576
10577
10575
10574
10574
10572
10576
10567
10571
10572
10571
10571
10572
10573
10554
10552
10548
10539
10540
10533
10524
10508
10513
10518
10500
10491
10495
10494
10498
10503
10498
10503
10500
10490
10478
10442
10458
10451
10451
10454
10450
10457
10455
10452
10453
10456
10455
10452
10448
10438
10441
10437
10440
10454
10448
10448
10446
10440
10438
10439
10436
10436
10438
10435
10436
10438
10442
10442
10442
10436
10432
10432
10437
10432
10439
10451
10444
10415
10403
10376
10351
10358
10359
10366
10359
10351
10361
10359
10334
10337
10330
10321
10329
10332
10349
10358
10354
10349
10353
10355
10358
10354
10349
10351
10351
10347
10346
10346
10349
10354
10351
10348
10344
10348
10337
10335
10342
10336
10342
10336
10330
10327
10333
10335
10334
10345
10353
10353
10345
10342
10333
10334
10334
10332
10298
10320
10327
10337
10319
10342
10342
10332
10353
10359
10360
10356
10343
10346
10337
10323
10327
10320
10329
10332
10333
10335
10344
10338
10334
10330
10329
10325
10327
10324
10320
10328
10330
10332
10329
10328
10321
10321
10316
10302
10302
10298
10302
10302
10300
10300
10295
10288
10287
10289
10285
10285
10271
10264
10269
10271
10265
10264
10267
10263
10302
10295
10302
10325
10314
10318
10298
10306
10315
10329
10325
10321
10328
10332
10332
10336
10330
10334
10329
10331
10335
10328
10324
10327
10328
10332
10333
10332
10328
10329
10332
10333
10333
10332
10332
10332
10329
10331
10330
10325
10320
10321
10317
10315
10319
10322
10320
10320
10324
10320
10323
10328
10326
10327
10323
10323
10326
10323
10330
10323
10343
10339
10328
10316
10337
10322
10320
10332
10327
10322
10313
10284
10294
10285
10283
10280
10292
10294
10310
10303
10296
10295
10290
10297
10300
10303
10297
10304
10296
10298
10294
10299
10319
10322
10333
10320
10328
10323
10326
10327
10323
10326
10307
10308
10313
10322
10305
10312
10309
10309
10308
10299
10303
10298
10298
10305
10304
10305
10309
10305
10316
10319
10318
10303
10314
10319
10312
10304
10293
10292
10294
10282
10270
10263
10282
10283
10279
10273
10280
10282
10282
10280
10279
10295
10296
10298
10295
10290
10291
10296
10304
10306
10305
10307
10316
10319
10317
10316
10315
10324
10322
10320
10310
10309
10309
10312
10312
10310
10317
10313
10314
10313
10318
10319
10311
10308
10309
10314
10315
10318
10356
10363
10362
10369
10380
10381
10378
10379
10383
10380
10381
10384
10381
10390
10387
10388
10388
10388
10386
10387
10386
10382
10387
10386
10386
10385
10383
10384
10377
10378
10379
10381
10381
10381
10381
10382
10383
10383
10382
10381
10381
10382
10382
10381
10380
10379
10379
10380
10380
10380
10383
10382
10381
10382
10381
10380
10379
10379
10380
10379
10399
10409
10419
10409
10399
10404
10422
10422
10428
10425
10424
10428
10438
10442
10444
10445
10442
10447
10447
10447
10444
10443
10444
10444
10449
10446
10446
10448
10448
10447
10448
10450
10455
10451
10453
10453
10453
10455
10452
10453
10452
10453
10454
10454
10451
10453
10450
10452
10455
10452
10448
10451
10450
10450
10451
10454
10451
10452
10448
10450
10460
10452
10448
10456
10469
10447
10453
10442
10435
10450
10444
10437
10446
10446
10458
10455
10468
10461
10462
10461
10463
10459
10464
10465
10469
10465
10463
10462
10465
10459
10459
10460
10462
10456
10457
10457
10455
10455
10456
10461
10459
10459
10463
10458
10462
10464
10461
10459
10462
10460
10463
10463
10461
10458
10460
10459
10459
10461
10463
10463
10445
10442
10448
10469
10469
10470
10482
10493
10495
10493
10489
10484
10494
10494
10502
10500
10506
10515
10518
10514
10512
10512
10513
10512
10517
10513
10512
10512
10513
10511
10511
10510
10513
10512
10511
10512
10512
10514
10514
10514
10516
10515
10516
10515
10516
10514
10514
10512
10513
10512
10510
10509
10514
10513
10512
10509
10503
10501
10505
10505
10524
10526
10523
10521
10535
10531
10523
10515
10510
10516
10513
10523
10514
10500
10504
10513
10514
10517
10515
10512
10515
10514
10512
10518
10523
10523
10519
10519
10519
10518
10518
10520
10520
10519
10518
10519
10520
10520
10515
10515
10515
10512
10510
10512
10506
10508
10507
10505
10506
10510
10513
10511
10510
10515
10515
10516
10516
10521
10522
10523
10575
10575
10584
10616
10616
10631
10627
10631
10626
10634
10642
10644
10641
10637
10640
10643
10644
10643
10641
10642
10638
10635
10632
10630
10631
10634
10632
10602
10591
10584
10581
10583
10583
10593
10590
10590
10597
10606
10607
10612
10611
10607
10614
10621
10618
10623
10627
10625
10624
10626
10624
10626
10623
10621
10625
10625
10625
10627
10630
10632
10646
10649
10653
10670
10659
10674
10662
10667
10676
10675
10682
10673
10666
10665
10670
10670
10670
10676
10672
10674
10674
10669
10670
10667
10670
10669
10673
10673
10673
10675
10682
10685
10685
10687
10684
10686
10686
10687
10686
10686
10687
10686
10686
10686
10688
10690
10689
10692
10700
10699
10696
10696
10695
10695
10697
10698
10702
10696
10698
10697
10689
10688
10684
10681
10690
10683
10681
10676
10677
10685
10690
10688
10687
10687
10684
10686
10677
10684
10686
10685
10687
10688
10684
10684
10684
10685
10685
10682
10681
10683
10684
10684
10684
10686
10686
10687
10685
10686
10686
10686
10686
10687
10683
10684
10684
10683
10678
10676
10677
10683
10685
10686
10685
10699
10702
10699
10703
10712
10712
10710
10732
10733
10735
10736
10729
10733
10755
10747
10727
10729
10734
10724
10730
10729
10723
10726
10716
10721
10722
10726
10733
10734
10732
10730
10734
10732
10730
10728
10733
10730
10739
10738
10743
10741
10742
10741
10738
10742
10741
10740
10742
10743
10743
10744
10743
10743
10745
10751
10750
10750
10747
10754
10755
10760
10758
10756
10762
10760
10758
10756
10769
10771
10772
10779
10765
10769
10762
10768
10765
10759
10752
10753
10737
10736
10740
10745
10744
10742
10741
10743
10742
10742
10739
10743
10747
10747
10746
10748
10746
10748
10754
10755
10755
10754
10755
10755
10751
10749
10753
10748
10745
10742
10745
10748
10747
10751
10748
10745
10747
10747
10743
10744
10744
10737
10733
10728
10723
10721
10725
10722
10752
10759
10769
10768
10759
10752
10751
10751
10750
10743
10731
10721
10707
10702
10710
10709
10714
10712
10717
10722
10728
10724
10724
10715
10714
10708
10704
10715
10708
10703
10697
10695
10692
10695
10701
10693
10691
10695
10703
10702
10706
10700
10700
10704
10708
10697
10697
10704
10708
10708
10707
10723
10721
10725
10728
10729
10727
10727
10727
10727
10747
10748
10743
10750
10745
10749
10748
10769
10764
10772
10780
10778
10785
10785
10783
10790
10799
10791
10786
10785
10790
10788
10787
10787
10791
10796
10791
10790
10788
10791
10787
10787
10787
10788
10776
10770
10776
10775
10776
10778
10781
10773
10759
10764
10766
10764
10774
10770
10765
10771
10771
10774
10774
10774
10771
10767
10761
10764
10761
10761
10732
10725
10724
10717
10706
10709
10720
10714
10726
10736
10727
10733
10736
10749
10753
10757
10755
10752
10749
10750
10745
10747
10749
10751
10746
10751
10751
10752
10760
10757
10755
10753
10756
10758
10756
10757
10755
10754
10754
10752
10749
10751
10751
10747
10746
10746
10749
10751
10750
10750
10749
10747
10727
10734
10734
10729
10730
10734
10731
10729
10767
10767
10763
10761
10779
10773
10774
10783
10777
10774
10776
10775
10752
10749
10760
10759
10749
10738
10733
10747
10746
10745
10751
10750
10753
10753
10753
10753
10755
10752
10747
10744
10737
10733
10736
10736
10738
10740
10738
10740
10740
10742
10741
10734
10731
10735
10741
10741
10738
10740
10746
10746
10747
10746
10747
10747
10738
10735
10739
10736
10729
10724
10727
10737
10732
10728
10716
10721
10715
10727
10741
10740
10738
10736
10737
10734
10742
10741
10737
10736
10734
10736
10741
10739
10737
10737
10736
10739
10747
10753
10752
10753
10754
10748
10750
10750
10747
10746
10746
10745
10745
10741
10743
10744
10743
10742
10745
10748
10747
10746
10746
10749
10747
10751
10748
10746
10745
10745
10744
10744
10764
10759
10757
10773
10772
10765
10764
10769
10778
10775
10770
10763
10746
10750
10736
10744
10744
10746
10740
10741
10746
10745
10741
10746
10741
10737
10740
10733
10739
10740
10742
10743
10743
10745
10750
10748
10744
10743
10742
10743
10744
10742
10742
10740
10740
10739
10743
10746
10745
10744
10742
10741
10731
10730
10732
10734
10736
10734
10735
10738
10718
10707
10710
10706
10707
10703
10717
10719
10726
10727
10724
10725
10738
10732
10735
10738
10749
10746
10744
10745
10739
10737
10740
10740
10738
10741
10739
10741
10745
10746
10744
10737
10741
10739
10740
10737
10737
10738
10738
10739
10739
10742
10740
10740
10736
10738
10740
10739
10738
10738
10737
10734
10735
10735
10734
10738
10735
10729
10731
10726
10748
10748
10748
10761
10752
10754
10757
10762
10762
10769
10775
10778
10781
10780
10781
10787
10785
10788
10786
10785
10782
10779
10767
10749
10729
10736
10741
10739
10744
10744
10739
10740
10741
10740
10742
10740
10741
10738
10738
10737
10742
10744
10740
10742
10738
10731
10734
10733
10706
10706
10705
10711
10709
10698
10691
10698
10701
10707
10713
10710
10772
10781
10784
10810
10819
10804
10797
10783
10790
10771
10767
10749
10753
10751
10747
10731
10731
10746
10748
10747
10754
10758
10755
10748
10747
10742
10752
10753
10759
10753
10760
10761
10758
10752
10756
10755
10747
10751
10754
10750
10749
10742
10747
10751
10750
10752
10754
10750
10741
10748
10748
10764
10765
10764
10752
10754
10744
10748
10746
10745
10747
10748
10755
10740
10754
10751
10755
10751
10745
10743
10744
10750
10756
10767
10766
10763
10761
10762
10767
10766
10765
10764
10765
10765
10774
10776
10775
10776
10784
10786
10785
10779
10775
10769
10773
10779
10777
10780
10789
10790
10780
10782
10784
10782
10784
10787
10788
10786
10791
10790
10786
10792
10792
10794
10792
10798
10783
10781
10778
10782
10820
10817
10822
10806
10818
10803
10805
10803
10790
10807
10807
10815
10806
10814
10812
10810
10813
10812
10814
10805
10805
10810
10808
10808
10804
10796
10794
10796
10797
10798
10795
10794
10797
10796
10796
10782
10783
10778
10780
10784
10781
10783
10781
10783
10781
10784
10789
10785
10784
10787
10791
10792
10788
10790
10792
10792
10794
10799
10803
10808
10762
10763
10768
10783
10782
10779
10784
10781
10788
10786
10775
10776
10776
10778
10776
10795
10802
10802
10794
10793
10796
10800
10794
10794
10800
10795
10801
10795
10787
10785
10787
10788
10789
10786
10776
10780
10777
10784
10778
10782
10783
10783
10784
10785
10786
10791
10789
10789
10785
10786
10782
10784
10781
10788
10786
10785
10779
10781
10779
10781
10801
10797
10796
10800
10804
10788
10771
10760
10751
10763
10760
10755
10761
10769
10767
10778
10777
10773
10776
10770
10773
10773
10768
10768
10768
10770
10772
10776
10775
10775
10771
10774
10774
10766
10767
10767
10766
10760
10763
10763
10766
10764
10764
10766
10767
10768
10769
10768
10769
10771
10772
10772
10772
10774
10775
10773
10776
10783
10786
10787
10794
10805
10820
10818
10817
10787
10776
10780
10761
10773
10772
10773
10767
10776
10766
10769
10771
10762
10753
10754
10747
10753
10756
10756
10760
10762
10758
10755
10755
10764
10762
10758
10761
10764
10768
10766
10764
10764
10764
10768
10769
10765
10760
10763
10760
10763
10764
10766
10764
10765
10768
10774
10773
10774
10774
10774
10773
10771
10772
10771
10788
10785
10792
10785
10782
10789
10789
10796
10798
10787
10788
10798
10794
10786
10800
10802
10802
10807
10803
10804
10802
10801
10800
10799
10799
10799
10793
10794
10789
10795
10799
10798
10795
10799
10804
10803
10803
10805
10805
10806
10803
10799
10801
10801
10803
10804
10804
10805
10811
10808
10808
10809
10808
10807
10808
10814
10817
10819
10821
10823
10802
10804
10807
10799
10808
10809
10809
10807
10807
10811
10809
10804
10804
10808
10811
10815
10813
10818
10819
10821
10821
10817
10816
10817
10816
10816
10813
10813
10815
10812
10815
10815
10810
10804
10808
10808
10810
10811
10811
10809
10803
10806
10807
10813
10808
10807
10809
10807
10807
10807
10807
10807
10806
10802
10805
10804
10809
10807
10805
10805
10806
10806
10793
10799
10816
10810
10812
10805
10806
10813
10819
10818
10811
10804
10808
10812
10807
10807
10809
10812
10808
10808
10807
10804
10806
10807
10807
10806
10808
10805
10807
10807
10807
10806
10806
10809
10806
10806
10805
10803
10803
10802
10790
10777
10760
10764
10746
10716
10727
10725
10729
10730
10727
10728
10720
10717
10719
10719
10720
10722
10698
10694
10697
10689
10675
10667
10683
10682
10699
10706
10701
10697
10694
10691
10697
10690
10689
10689
10692
10691
10696
10698
10700
10700
10704
10711
10709
10705
10712
10713
10718
10719
10719
10713
10712
10715
10715
10716
10710
10710
10714
10713
10714
10714
10714
10713
10716
10718
10726
10721
10724
10730
10734
10733
10733
10732
10732
10728
10727
10728
10704
10708
10708
10717
10715
10706
10701
10704
10697
10704
10715
10703
10706
10707
10715
10711
10707
10708
10705
10706
10706
10716
10717
10716
10722
10723
10719
10719
10718
10717
10714
10709
10712
10713
10715
10715
10715
10722
10720
10709
10707
10708
10708
10715
10714
10704
10708
10706
10705
10708
10709
10714
10714
10715
10711
10706
10700
10689
10693
10691
10695
10692
10698
10707
10703
10682
10683
10690
10686
10690
10689
10688
10688
10689
10689
10686
10689
10684
10681
10669
10677
10675
10675
10677
10669
10672
10678
10678
10673
10671
10670
10666
10668
10667
10667
10662
10646
10646
10646
10650
10654
10654
10655
10661
10659
10657
10658
10668
10672
10675
10670
10680
10681
10685
10690
10687
10685
10682
10684
10684
10644
10652
10648
10654
10650
10634
10632
10643
10649
10648
10642
10642
10642
10630
10647
10637
10635
10632
10630
10638
10636
10634
10631
10630
10630
10629
10629
10628
10630
10625
10623
10615
10621
10621
10623
10619
10613
10605
10606
10611
10610
10611
10615
10618
10623
10632
10626
10631
10623
10624
10624
10635
10634
10634
10638
10638
10638
10638
10638
10638
10585
10584
10593
10590
10601
10607
10605
10610
10596
10602
10602
10606
10607
10618
10618
10614
10617
10619
10614
10619
10617
10619
10622
10625
10629
10627
10625
10622
10624
10626
10631
10630
10632
10632
10629
10625
10626
10627
10625
10628
10630
10626
10627
10627
10626
10628
10630
10630
10632
10629
10629
10629
10624
10623
10622
10624
10618
10618
10620
10617
10692
10691
10694
10695
10694
10687
10690
10683
10687
10696
10693
10693
10692
10705
10705
10697
10696
10699
10704
10699
10690
10672
10682
10683
10685
10682
10684
10683
10685
10685
10686
10688
10690
10696
10698
10700
10698
10694
10697
10692
10694
10695
10694
10698
10697
10699
10700
10699
10699
10706
10707
10704
10701
10698
10695
10696
10695
10697
10697
10703
10716
10714
10705
10706
10695
10695
10694
10692
10694
10700
10691
10697
10698
10684
10674
10670
10671
10675
10673
10674
10671
10676
10675
10678
10676
10678
10676
10675
10675
10672
10674
10675
10671
10672
10681
10680
10672
10673
10667
10666
10664
10667
10660
10656
10665
10665
10664
10662
10662
10663
10665
10668
10664
10665
10666
10665
10664
10663
10664
10666
10695
10700
10697
10689
10697
10693
10694
10690
10683
10690
10695
10694
10711
10715
10723
10730
10727
10727
10727
10744
10745
10748
10742
10742
10740
10750
10745
10749
10749
10745
10748
10750
10748
10758
10756
10758
10757
10761
10756
10756
10759
10757
10758
10755
10755
10755
10755
10757
10757
10758
10769
10772
10772
10781
10779
10779
10781
10783
10781
10785
10826
10829
10825
10830
10827
10822
10810
10826
10822
10824
10818
10816
10823
10825
10844
10837
10840
10844
10849
10856
10864
10870
10866
10874
10865
10859
10860
10862
10845
10850
10851
10855
10852
10857
10864
10863
10864
10860
10859
10862
10865
10859
10853
10853
10847
10848
10845
10833
10830
10828
10824
10811
10808
10822
10836
10831
10821
10822
10828
10826
10832
10837
10837
10829
10819
10824
10831
10825
10817
10824
10815
10817
10831
10839
10838
10839
10836
10838
10848
10850
10846
10844
10846
10850
10850
10845
10841
10841
10844
10843
10840
10842
10844
10845
10844
10845
10842
10844
10844
10846
10846
10856
10855
10852
10853
10851
10849
10849
10854
10854
10852
10845
10847
10846
10849
10848
10851
10852
10852
10854
10841
10840
10839
10831
10834
10839
10833
10839
10845
10842
10839
10848
10846
10849
10848
10838
10833
10838
10842
10839
10841
10840
10842
10845
10845
10847
10848
10847
10845
10845
10847
10845
10845
10847
10844
10845
10849
10849
10849
10848
10849
10847
10847
10847
10846
10846
10843
10843
10845
10846
10846
10843
10844
10845
10844
10845
10847
10850
10851
10854
10837
10841
10832
10813
10814
10816
10817
10811
10812
10786
10789
10773
10772
10779
10784
10776
10768
10761
10772
10783
10775
10777
10772
10772
10766
10767
10767
10768
10772
10767
10772
10776
10772
10770
10768
10768
10769
10773
10771
10766
10767
10767
10766
10768
10766
10762
10761
10758
10754
10740
10738
10746
10748
10747
10746
10750
10750
10750
10749
10749
10740
10740
10736
10733
10737
10737
10737
10732
10721
10721
10706
10708
10715
10724
10723
10729
10742
10746
10743
10738
10736
10724
10725
10726
10722
10721
10727
10731
10723
10724
10726
10724
10722
10714
10712
10706
10708
10698
10697
10708
10707
10705
10705
10706
10709
10708
10709
10709
10704
10706
10709
10711
10699
10705
10703
10707
10709
10712
10710
10708
10742
10739
10736
10742
10736
10741
10743
10757
10755
10747
10744
10739
10739
10728
10724
10726
10727
10733
10730
10733
10734
10739
10730
10730
10727
10726
10725
10723
10718
10712
10711
10717
10715
10721
10719
10717
10716
10722
10724
10722
10720
10722
10717
10718
10720
10717
10719
10721
10721
10717
10714
10721
10714
10720
10723
10723
10726
10722
10725
10728
10658
10651
10642
10628
10641
10633
10637
10636
10632
10619
10626
10607
10605
10609
10620
10622
10618
10625
10621
10615
10621
10640
10639
10635
10627
10630
10625
10620
10618
10609
10612
10612
10606
10608
10607
10604
10608
10612
10609
10617
10612
10613
10609
10604
10596
10593
10586
10592
10586
10597
10593
10601
10596
10593
10589
10600
10580
10571
10578
10576
10599
10597
10592
10598
10602
10584
10581
10575
10580
10582
10583
10576
10556
10541
10530
10506
10517
10524
10526
10539
10554
10569
10549
10539
10559
10550
10550
10562
10573
10582
10573
10581
10576
10576
10600
10608
10605
10611
10616
10616
10612
10609
10613
10615
10624
10634
10640
10644
10664
10655
10650
10642
10650
10643
10626
10612
10599
10601
10601
10603
10630
10631
10634
10615
10590
10608
10611
10593
10576
10587
10583
10581
10588
10591
10614
10597
10607
10598
10602
10594
10594
10599
10603
10620
10622
10617
10616
10618
10618
10623
10612
10612
10615
10623
10630
10631
10632
10627
10632
10638
10644
10646
10648
10645
10647
10640
10638
10635
10640
10641
10641
10637
10637
10643
10639
10638
10643
10646
10647
10649
10590
10593
10583
10568
10579
10586
10599
10591
10612
10621
10624
10602
10602
10608
10616
10600
10607
10606
10601
10605
10586
10589
10573
10566
10576
10584
10574
10576
10576
10577
10582
10584
10592
10587
10595
10588
10585
10585
10587
10584
10582
10581
10572
10573
10571
10572
10578
10576
10563
10558
10547
10560
10556
10563
10558
10557
10565
10573
10570
10571
10583
10579
10568
10572
10572
10571
10572
10572
10570
10570
10562
10562
10561
10560
10566
10566
10564
10567
10565
10564
10563
10564
10564
10563
10562
10560
10563
10562
10560
10556
10555
10557
10557
10557
10557
10556
10557
10561
10560
10558
10561
10561
10557
10557
10555
10555
10554
10555
10552
10553
10553
10555
10555
10554
10552
10552
10552
10555
10555
10557
10561
10562
10558
10559
10560
10560
10562
10561
10565
10564
10568
10567
10568
10567
10567
10568
10563
10566
10565
10567
10567
10564
10564
10562
10563
10558
10561
10564
10565
10565
10560
10562
10563
10569
10575
10572
10565
10569
10575
10571
10571
10572
10571
10573
10572
10569
10575
10575
10579
10583
10584
10587
10589
10593
10591
10590
10585
10590
10590
10585
10577
10572
10576
10578
10577
10573
10576
10576
10578
10577
10575
10574
10568
10569
10569
10570
10572
10574
10574
10574
10575
10574
10573
10571
10569
10567
10568
10564
10564
10566
10562
10562
10561
10564
10562
10564
10561
10562
10563
10562
10559
10560
10556
10552
10551
10530
10530
10551
10548
10545
10529
10532
10517
10513
10583
10579
10568
10572
10572
10571
10572
10572
10570
10570
10562
10562
10561
10560
10566
10566
10564
10567
10565
10564
10563
10564
10564
10563
10562
10560
10563
10562
10560
10556
10555
10557
10557
10557
10557
10556
10557
10561
10560
10558
10561
10561
10557
10557
10555
10555
10554
10555
10552
10553
10553
10555
10555
10554
10552
10552
10552
10555
10555
10557
10561
10562
10558
10559
10560
10560
10562
10561
10565
10564
10568
10567
10568
10567
10567
10568
10563
10566
10565
10567
10567
10564
10564
10562
10563
10558
10561
10564
10565
10565
10560
10562
10563
10569
10575
10572
10565
10569
10575
10571
10571
10572
10571
10573
10572
10569
10575
10575
10579
10583
10584
10587
10589
10593
10591
10590
10585
10590
10590
10585
10577
10572
10576
10578
10577
10573
10576
10576
10578
10577
10575
10574
10568
10569
10569
10570
10572
10574
10574
10574
10575
10574
10573
10571
10569
10567
10568
10564
10564
10566
10562
10562
10561
10564
10562
10564
10561
10562
10563
10562
10559
10560
10556
10552
10551
10530
10530
10551
10548
10542
10531
10532
10518
10518
10520
10525
