10628
10622
10630
10625
10610
10603
10581
10578
10577
10580
10586
10589
10582
10578
10557
10549
10560
10562
10560
10555
10563
10560
10556
10560
10570
10567
10565
10562
10547
10542
10543
10546
10545
10548
10550
10548
10543
10548
10545
10546
10552
10554
10557
10553
10552
10552
10555
10545
10551
10553
10557
10561
10562
10560
10558
10562
10562
10558
10559
10560
10604
10599
10594
10604
10610
10590
10588
10595
10601
10598
10591
10589
10591
10600
10595
10590
10592
10590
10577
10580
10582
10582
10580
10570
10566
10569
10573
10572
10575
10574
10576
10577
10574
10577
10581
10581
10580
10581
10583
10584
10581
10583
10584
10587
10589
10590
10591
10590
10587
10585
10581
10582
10575
10577
10583
10586
10583
10587
10587
10589
10595
10581
10586
10580
10596
10589
10590
10585
10579
10566
10569
10572
10568
10569
10568
10532
10534
10535
10512
10520
10528
10532
10526
10525
10529
10529
10528
10530
10536
10538
10542
10535
10536
10535
10538
10540
10539
10547
10544
10547
10544
10539
10536
10539
10542
10539
10537
10534
10524
10529
10527
10526
10535
10536
10535
10535
10535
10520
10523
10520
10520
10506
10502
10512
10518
10494
10493
10504
10514
10514
10518
10530
10537
10531
10537
10529
10529
10534
10540
10523
10523
10527
10531
10525
10527
10530
10534
10534
10535
10539
10535
10532
10535
10536
10537
10535
10540
10540
10541
10538
10537
10538
10534
10537
10538
10541
10540
10535
10531
10535
10534
10533
10529
10532
10533
10534
10531
10530
10531
10530
10528
10535
10535
10529
10539
10544
10532
10518
10527
10526
10520
10510
10510
10512
10510
10517
10518
10515
10513
10497
10500
10509
10512
10511
10516
10518
10522
10523
10522
10520
10523
10529
10527
10526
10530
10534
10534
10541
10548
10554
10550
10548
10549
10549
10553
10549
10554
10551
10549
10550
10547
10542
10542
10544
10544
10543
10542
10557
10562
10565
10605
10614
10616
10617
10600
10592
10590
10582
10596
10592
10592
10587
10599
10600
10597
10600
10601
10603
10631
10635
10638
10634
10633
10632
10628
10630
10631
10631
10634
10634
10639
10634
10636
10640
10642
10641
10644
10647
10641
10638
10638
10637
10637
10635
10635
10635
10635
10635
10635
10634
10633
10634
10634
10635
10637
10641
10639
10636
10634
10634
10647
10648
10648
10653
10643
10641
10646
10640
10640
10645
10650
10652
10633
10622
10625
10626
10629
10613
10611
10608
10609
10611
10614
10615
10615
10612
10615
10614
10613
10613
10606
10609
10614
10613
10615
10615
10613
10611
10609
10611
10607
10609
10608
10608
10610
10603
10591
10594
10592
10584
10575
10578
10579
10574
10572
10576
10575
10573
10578
10580
10572
10564
10566
10555
10567
10581
10547
10539
10522
10529
10535
10531
10530
10539
10538
10540
10536
10528
10539
10550
10544
10548
10555
10554
10548
10546
10543
10542
10539
10539
10540
10538
10538
10535
10536
10528
10517
10510
10517
10511
10505
10520
10520
10515
10510
10503
10497
10501
10504
10509
10495
10495
10506
10509
10511
10511
10510
10510
10510
10510
10505
10502
10481
10478
10489
10501
10512
10524
10520
10529
10526
10533
10540
10539
10535
10550
10542
10538
10542
10539
10549
10549
10552
10558
10565
10565
10564
10564
10565
10565
10564
10570
10569
10568
10568
10570
10575
10571
10574
10575
10580
10581
10581
10579
10577
10576
10579
10576
10577
10575
10575
10573
10571
10576
10568
10571
10572
10571
10571
10572
10554
10553
10553
10548
10538
10539
10533
10524
10507
10514
10519
10500
10490
10494
10494
10499
10502
10498
10503
10501
10491
10477
10442
10457
10452
10450
10454
10451
10457
10455
10453
10452
10457
10455
10453
10448
10438
10440
10437
10441
10453
10448
10446
10445
10440
10439
10439
10436
10436
10438
10436
10436
10438
10442
10441
10442
10436
10433
10431
10437
10426
10439
10452
10444
10415
10404
10376
10352
10358
10360
10366
10358
10351
10360
10358
10334
10337
10330
10322
10330
10331
10349
10358
10355
10349
10353
10355
10359
10355
10349
10350
10351
10346
10346
10346
10350
10354
10351
10348
10345
10348
10336
10335
10342
10336
10342
10336
10331
10327
10333
10335
10332
10344
10354
10353
10345
10342
10331
10334
10334
10299
10299
10320
10328
10337
10318
10342
10340
10331
10352
10359
10360
10356
10343
10345
10337
10324
10327
10320
10330
10331
10334
10336
10344
10339
10334
10331
10329
10325
10327
10323
10320
10329
10330
10332
10329
10327
10321
10322
10317
10302
10302
10297
10302
10301
10300
10299
10294
10287
10287
10289
10285
10285
10271
10264
10269
10271
10266
10263
10267
10300
10302
10294
10302
10325
10314
10317
10298
10306
10314
10328
10326
10322
10328
10332
10332
10336
10329
10334
10329
10331
10335
10328
10325
10327
10328
10332
10334
10332
10328
10329
10332
10333
10333
10333
10332
10332
10329
10330
10329
10324
10319
10321
10317
10314
10320
10322
10320
10321
10324
10320
10323
10328
10326
10327
10324
10323
10325
10324
10331
10349
10343
10340
10328
10316
10338
10322
10321
10331
10328
10322
10312
10285
10295
10285
10283
10280
10292
10293
10309
10303
10296
10294
10290
10297
10300
10303
10297
10304
10295
10297
10295
10299
10319
10321
10332
10321
10328
10324
10326
10326
10324
10326
10308
10308
10313
10322
10306
10312
10309
10309
10307
10299
10303
10298
10299
10306
10304
10304
10309
10299
10316
10319
10318
10304
10313
10319
10313
10304
10292
10292
10295
10282
10270
10264
10282
10283
10279
10272
10279
10281
10281
10280
10279
10295
10297
10299
10295
10289
10292
10296
10305
10307
10304
10307
10316
10319
10317
10315
10315
10323
10322
10320
10311
10310
10309
10313
10313
10311
10316
10312
10314
10313
10318
10319
10310
10309
10309
10314
10314
10360
10355
10364
10361
10369
10380
10381
10377
10378
10383
10380
10380
10384
10381
10390
10387
10388
10387
10388
10387
10387
10385
10382
10387
10386
10386
10385
10383
10383
10376
10378
10380
10381
10381
10382
10381
10382
10383
10382
10381
10382
10381
10382
10382
10380
10380
10379
10379
10380
10380
10381
10383
10382
10381
10382
10381
10380
10379
10379
10379
10392
10399
10409
10417
10409
10399
10403
10422
10423
10428
10424
10424
10428
10438
10442
10444
10444
10443
10447
10447
10447
10444
10443
10446
10444
10449
10446
10447
10448
10448
10447
10447
10451
10456
10452
10453
10453
10452
10455
10452
10452
10452
10453
10453
10453
10451
10452
10451
10452
10454
10451
10448
10451
10450
10450
10452
10455
10451
10450
10448
10470
10460
10452
10448
10456
10469
10446
10453
10442
10435
10450
10443
10437
10446
10446
10458
10455
10468
10462
10462
10461
10463
10460
10464
10465
10469
10465
10464
10461
10464
10460
10459
10459
10461
10456
10457
10457
10455
10455
10456
10461
10460
10459
10463
10458
10462
10464
10461
10459
10462
10461
10463
10463
10461
10458
10461
10459
10458
10460
10463
10460
10445
10442
10447
10469
10469
10470
10483
10493
10495
10494
10489
10484
10494
10495
10502
10500
10506
10515
10518
10514
10512
10512
10514
10512
10517
10514
10513
10513
10514
10511
10512
10511
10513
10511
10511
10512
10513
10514
10514
10514
10517
10515
10516
10515
10516
10515
10514
10513
10513
10512
10511
10510
10513
10512
10512
10509
10502
10501
10505
10537
10525
10526
10523
10522
10534
10530
10522
10513
10510
10516
10513
10523
10514
10500
10505
10514
10513
10517
10516
10512
10515
10514
10513
10518
10523
10523
10520
10519
10519
10518
10518
10520
10520
10519
10518
10519
10519
10519
10515
10515
10516
10513
10510
10512
10507
10508
10507
10504
10507
10511
10514
10511
10510
10515
10516
10516
10516
10521
10522
10556
10574
10576
10583
10616
10618
10631
10627
10632
10627
10634
10643
10644
10640
10637
10640
10642
10645
10644
10640
10642
10637
10634
10632
10630
10631
10634
10633
10602
10591
10583
10581
10583
10583
10593
10591
10590
10597
10606
10607
10612
10611
10608
10614
10621
10619
10622
10627
10624
10624
10626
10625
10627
10623
10621
10625
10625
10624
10627
10630
10657
10645
10649
10654
10670
10659
10673
10661
10667
10677
10676
10682
10673
10666
10665
10670
10670
10670
10676
10672
10674
10673
10669
10670
10667
10671
10669
10674
10673
10673
10675
10682
10686
10686
10687
10684
10685
10686
10686
10686
10685
10687
10686
10686
10686
10687
10691
10689
10692
10700
10699
10696
10696
10695
10696
10697
10699
10702
10696
10698
10688
10690
10689
10684
10681
10689
10683
10680
10676
10677
10685
10690
10687
10687
10686
10684
10686
10677
10683
10686
10685
10688
10688
10684
10684
10684
10686
10685
10683
10681
10684
10683
10684
10684
10685
10686
10686
10684
10686
10686
10687
10686
10686
10683
10685
10684
10683
10678
10676
10677
10683
10685
10686
10685
10699
10702
10699
10703
10711
10711
10745
10732
10733
10734
10736
10730
10733
10754
10747
10729
10729
10733
10725
10731
10730
10723
10726
10716
10720
10721
10727
10733
10733
10732
10729
10734
10733
10730
10728
10733
10730
10738
10738
10743
10741
10742
10740
10738
10742
10741
10740
10742
10743
10744
10744
10742
10743
10744
10750
10750
10751
10746
10754
10754
10760
10758
10756
10762
10759
10758
10776
10769
10772
10773
10778
10765
10768
10763
10768
10765
10760
10751
10753
10737
10736
10740
10745
10744
10742
10741
10742
10742
10743
10740
10744
10747
10747
10745
10748
10746
10747
10754
10756
10756
10755
10756
10756
10752
10750
10753
10748
10744
10742
10745
10748
10748
10751
10749
10745
10746
10747
10743
10744
10743
10738
10732
10728
10723
10721
10726
10745
10752
10760
10769
10768
10759
10753
10750
10751
10751
10742
10731
10721
10707
10703
10709
10709
10714
10712
10717
10722
10728
10724
10723
10716
10714
10708
10704
10714
10707
10703
10697
10695
10692
10695
10701
10693
10691
10695
10703
10703
10706
10700
10700
10704
10706
10697
10696
10703
10708
10709
10707
10723
10721
10725
10729
10728
10727
10727
10727
10748
10747
10747
10744
10750
10746
10748
10749
10770
10765
10772
10780
10778
10785
10784
10782
10790
10799
10791
10786
10785
10789
10787
10786
10788
10791
10796
10791
10789
10788
10791
10787
10787
10788
10788
10777
10770
10776
10775
10776
10778
10781
10773
10759
10763
10766
10764
10773
10770
10766
10770
10771
10774
10775
10774
10770
10768
10761
10763
10761
10736
10733
10724
10725
10717
10707
10709
10720
10715
10726
10738
10726
10732
10737
10749
10752
10756
10755
10752
10749
10750
10745
10747
10749
10750
10747
10751
10751
10752
10759
10757
10755
10753
10755
10757
10757
10757
10756
10755
10754
10751
10748
10750
10751
10747
10747
10746
10748
10751
10751
10750
10748
10747
10727
10735
10734
10729
10731
10734
10731
10764
10768
10767
10762
10762
10778
10773
10774
10783
10778
10774
10776
10774
10752
10750
10760
10759
10749
10738
10734
10747
10746
10746
10751
10751
10753
10752
10753
10753
10755
10752
10747
10746
10738
10733
10737
10735
10739
10739
10737
10739
10740
10742
10741
10734
10731
10735
10741
10741
10738
10740
10746
10746
10746
10746
10747
10747
10738
10736
10739
10725
10728
10724
10728
10737
10732
10727
10716
10720
10714
10727
10740
10740
10737
10736
10737
10735
10742
10741
10736
10735
10734
10736
10741
10739
10738
10737
10736
10740
10747
10754
10752
10753
10754
10749
10750
10750
10747
10746
10746
10745
10745
10741
10743
10745
10744
10743
10745
10748
10747
10746
10747
10750
10747
10751
10749
10747
10745
10745
10744
10769
10764
10760
10757
10774
10772
10765
10763
10768
10779
10775
10770
10763
10747
10750
10737
10744
10744
10746
10740
10741
10747
10745
10742
10747
10741
10737
10740
10733
10739
10741
10742
10742
10744
10745
10750
10748
10744
10744
10741
10744
10744
10742
10741
10740
10741
10739
10743
10746
10746
10744
10741
10741
10731
10729
10732
10733
10737
10735
10735
10715
10718
10707
10709
10706
10707
10703
10717
10720
10726
10727
10724
10725
10738
10732
10735
10737
10749
10746
10744
10744
10739
10737
10740
10740
10738
10741
10739
10741
10746
10746
10744
10737
10740
10739
10740
10738
10736
10738
10739
10739
10740
10741
10740
10740
10736
10738
10739
10738
10739
10739
10737
10734
10735
10735
10734
10738
10735
10729
10731
10748
10749
10748
10748
10761
10752
10754
10758
10763
10761
10769
10775
10778
10782
10780
10781
10787
10785
10788
10785
10785
10782
10779
10767
10749
10729
10736
10740
10739
10744
10744
10739
10739
10741
10740
10742
10740
10741
10738
10737
10736
10743
10744
10740
10742
10737
10732
10733
10734
10707
10706
10705
10710
10708
10697
10692
10698
10702
10707
10713
10763
10773
10781
10785
10810
10819
10803
10796
10783
10790
10772
10766
10749
10753
10751
10747
10730
10731
10746
10749
10748
10754
10759
10755
10749
10746
10742
10751
10752
10759
10754
10761
10762
10757
10751
10757
10754
10748
10751
10754
10750
10749
10742
10747
10751
10750
10752
10754
10750
10741
10748
10747
10764
10764
10764
10752
10754
10744
10747
10746
10754
10747
10748
10754
10739
10753
10752
10756
10752
10745
10743
10744
10750
10755
10767
10766
10763
10761
10762
10767
10766
10766
10764
10764
10765
10774
10776
10775
10776
10784
10786
10785
10779
10775
10769
10773
10778
10777
10780
10789
10790
10781
10782
10785
10782
10784
10788
10788
10786
10791
10790
10786
10792
10791
10794
10792
10798
10783
10781
10778
10820
10820
10818
10820
10807
10817
10803
10805
10803
10790
10807
10807
10815
10806
10814
10811
10810
10813
10811
10814
10805
10805
10810
10808
10808
10805
10797
10794
10795
10797
10799
10795
10794
10797
10796
10796
10784
10783
10778
10780
10784
10781
10783
10781
10783
10782
10784
10789
10786
10784
10787
10791
10791
10787
10790
10792
10792
10795
10800
10803
10770
10762
10763
10768
10785
10782
10780
10784
10781
10788
10786
10775
10777
10776
10777
10776
10796
10803
10802
10794
10793
10796
10800
10795
10793
10800
10795
10801
10795
10787
10785
10787
10788
10788
10785
10776
10779
10778
10784
10778
10781
10783
10783
10784
10785
10785
10791
10789
10788
10786
10786
10782
10784
10782
10789
10786
10786
10780
10780
10779
10806
10801
10797
10796
10799
10805
10787
10771
10759
10750
10763
10760
10755
10762
10769
10766
10777
10778
10773
10777
10771
10773
10773
10768
10768
10768
10770
10772
10776
10774
10775
10771
10774
10772
10766
10767
10767
10765
10759
10763
10762
10766
10764
10765
10767
10767
10767
10769
10769
10770
10771
10772
10772
10771
10774
10775
10773
10776
10784
10787
10793
10793
10806
10818
10818
10816
10787
10776
10780
10761
10773
10771
10773
10767
10776
10766
10769
10772
10762
10753
10754
10748
10753
10756
10755
10760
10762
10759
10755
10755
10764
10763
10758
10761
10764
10768
10765
10764
10764
10764
10768
10769
10766
10761
10762
10761
10763
10764
10765
10764
10766
10768
10773
10773
10773
10773
10774
10773
10770
10772
10789
10787
10785
10793
10784
10781
10787
10789
10796
10798
10787
10788
10798
10793
10786
10799
10802
10802
10807
10803
10804
10801
10801
10800
10799
10798
10799
10792
10793
10789
10795
10799
10799
10795
10799
10804
10803
10803
10806
10805
10806
10803
10798
10801
10801
10803
10804
10804
10806
10811
10808
10809
10808
10809
10806
10808
10815
10817
10819
10821
10810
10803
10804
10808
10799
10808
10808
10808
10807
10807
10811
10809
10804
10804
10809
10811
10814
10813
10817
10820
10822
10821
10817
10816
10817
10816
10815
10813
10814
10816
10812
10815
10815
10809
10805
10808
10807
10809
10811
10811
10809
10803
10806
10806
10812
10807
10807
10809
10807
10808
10808
10807
10808
10804
10802
10804
10805
10808
10807
10804
10812
10806
10807
10793
10799
10816
10810
10811
10805
10805
10814
10818
10818
10812
10804
10808
10812
10808
10808
10810
10811
10808
10808
10806
10803
10806
10806
10807
10806
10809
10805
10806
10807
10806
10807
10806
10809
10806
10806
10805
10804
10803
10802
10791
10777
10760
10764
10746
10715
10728
10725
10730
10729
10726
10729
10721
10718
10719
10720
10719
10687
10698
10695
10697
10689
10675
10667
10683
10683
10699
10706
10701
10696
10694
10691
10698
10689
10689
10689
10692
10691
10696
10698
10700
10700
10705
10711
10709
10706
10712
10712
10717
10719
10719
10713
10712
10715
10715
10716
10709
10710
10714
10714
10714
10714
10715
10714
10716
10718
10725
10721
10725
10730
10734
10733
10733
10732
10731
10728
10727
10710
10704
10707
10708
10717
10715
10706
10700
10704
10697
10704
10714
10702
10706
10708
10714
10711
10706
10707
10705
10706
10705
10716
10718
10716
10722
10723
10720
10719
10718
10718
10714
10709
10712
10714
10715
10715
10715
10722
10719
10709
10706
10708
10707
10715
10714
10705
10707
10706
10706
10709
10709
10714
10714
10715
10712
10707
10700
10689
10692
10695
10695
10692
10697
10707
10703
10682
10683
10691
10686
10690
10689
10689
10688
10689
10689
10686
10688
10683
10680
10668
10676
10675
10676
10677
10670
10673
10678
10677
10674
10671
10669
10665
10668
10666
10667
10663
10646
10646
10647
10650
10654
10656
10655
10661
10659
10656
10659
10668
10672
10675
10671
10680
10681
10685
10690
10687
10685
10682
10683
10645
10644
10651
10648
10654
10651
10635
10631
10642
10649
10647
10641
10641
10642
10629
10647
10636
10635
10631
10630
10637
10636
10633
10631
10630
10630
10629
10628
10628
10631
10625
10623
10615
10622
10621
10622
10619
10614
10604
10607
10611
10610
10611
10616
10618
10623
10631
10625
10632
10624
10625
10624
10634
10634
10634
10638
10638
10638
10638
10638
10587
10585
10585
10593
10591
10601
10607
10605
10609
10596
10603
10602
10606
10607
10618
10618
10613
10617
10619
10614
10619
10616
10619
10622
10625
10627
10626
10625
10623
10624
10627
10632
10630
10632
10632
10629
10624
10626
10627
10625
10628
10630
10626
10628
10628
10627
10628
10630
10631
10632
10629
10628
10629
10624
10623
10623
10625
10619
10619
10620
10690
10692
10691
10694
10694
10693
10687
10691
10683
10687
10696
10693
10693
10692
10705
10705
10696
10696
10699
10705
10699
10690
10672
10681
10683
10684
10683
10684
10682
10685
10685
10685
10688
10689
10696
10697
10700
10697
10694
10696
10692
10694
10696
10695
10698
10697
10699
10700
10699
10699
10705
10708
10705
10701
10698
10695
10696
10696
10697
10698
10714
10717
10714
10705
10706
10694
10695
10694
10693
10695
10700
10692
10698
10698
10684
10674
10671
10671
10675
10673
10674
10670
10676
10675
10678
10676
10678
10676
10675
10674
10673
10674
10675
10671
10672
10681
10680
10672
10674
10668
10666
10662
10666
10660
10656
10664
10665
10664
10663
10662
10663
10665
10668
10664
10665
10665
10665
10665
10664
10664
10695
10695
10700
10697
10690
10697
10694
10694
10689
10683
10690
10695
10694
10711
10715
10723
10731
10725
10727
10728
10745
10745
10747
10741
10742
10740
10750
10746
10749
10749
10746
10747
10749
10748
10758
10756
10757
10758
10761
10757
10756
10759
10757
10757
10755
10755
10755
10755
10758
10757
10758
10769
10772
10772
10781
10778
10779
10781
10782
10782
10825
10825
10830
10825
10830
10828
10823
10811
10826
10823
10824
10817
10816
10824
10824
10844
10837
10839
10844
10849
10855
10864
10870
10867
10874
10865
10859
10860
10862
10845
10851
10851
10855
10853
10857
10864
10863
10864
10860
10859
10862
10864
10859
10854
10853
10848
10848
10845
10833
10829
10828
10824
10811
10809
10823
10836
10831
10821
10822
10828
10826
10832
10837
10836
10828
10819
10825
10831
10825
10817
10823
10815
10818
10831
10840
10838
10839
10836
10839
10848
10850
10846
10844
10846
10850
10849
10846
10842
10842
10844
10843
10840
10842
10844
10845
10844
10845
10842
10845
10845
10846
10845
10856
10855
10851
10852
10852
10850
10849
10854
10853
10853
10845
10846
10846
10849
10849
10851
10852
10852
10841
10840
10839
10838
10831
10835
10839
10833
10839
10846
10841
10839
10848
10846
10848
10847
10838
10833
10838
10842
10839
10841
10839
10841
10845
10845
10847
10848
10847
10846
10846
10846
10845
10845
10846
10844
10845
10849
10849
10848
10849
10850
10847
10847
10847
10847
10846
10843
10844
10845
10847
10846
10843
10844
10845
10844
10845
10847
10850
10851
10841
10837
10841
10832
10812
10813
10816
10817
10811
10811
10785
10788
10772
10773
10778
10784
10776
10769
10761
10773
10782
10774
10776
10773
10772
10766
10766
10767
10768
10772
10766
10772
10776
10773
10770
10767
10768
10770
10772
10771
10766
10768
10767
10766
10768
10766
10763
10760
10758
10754
10740
10739
10746
10748
10747
10746
10750
10749
10750
10748
10735
10740
10740
10736
10732
10738
10738
10738
10732
10722
10721
10706
10708
10715
10725
10723
10730
10743
10746
10742
10738
10736
10724
10726
10725
10722
10720
10726
10730
10722
10724
10726
10723
10722
10714
10712
10706
10708
10698
10697
10708
10707
10705
10705
10706
10709
10708
10708
10709
10705
10706
10708
10711
10699
10704
10704
10707
10709
10712
10710
10747
10742
10739
10737
10742
10734
10741
10743
10756
10754
10747
10743
10739
10739
10728
10724
10725
10728
10733
10729
10734
10734
10740
10731
10729
10727
10726
10725
10724
10718
10712
10712
10716
10716
10721
10719
10717
10716
10722
10724
10721
10720
10722
10717
10718
10720
10717
10719
10721
10721
10717
10714
10721
10715
10720
10724
10723
10726
10722
10725
10650
10658
10652
10642
10628
10641
10633
10638
10636
10632
10619
10626
10608
10604
10610
10619
10621
10618
10625
10622
10615
10621
10640
10638
10634
10627
10630
10625
10620
10618
10609
10612
10611
10607
10609
10607
10605
10607
10612
10610
10617
10612
10613
10608
10604
10596
10594
10586
10592
10586
10597
10593
10600
10597
10592
10589
10599
10579
10570
10578
10607
10600
10597
10592
10599
10602
10584
10580
10575
10580
10582
10583
10578
10557
10541
10531
10506
10517
10523
10525
10540
10555
10569
10548
10539
10558
10549
10550
10562
10573
10583
10573
10582
10576
10577
10599
10607
10606
10611
10616
10615
10612
10609
10613
10615
10624
10633
10640
10644
10662
10655
10650
10642
10650
10643
10626
10612
10599
10600
10602
10604
10629
10632
10634
10614
10590
10608
10611
10592
10576
10588
10583
10582
10589
10591
10613
10597
10607
10599
10601
10594
10595
10600
10603
10621
10623
10617
10616
10618
10619
10623
10611
10611
10615
10622
10630
10631
10632
10627
10633
10637
10644
10646
10648
10644
10647
10640
10638
10635
10640
10642
10641
10636
10637
10643
10640
10638
10643
10647
10647
10595
10589
10593
10583
10568
10578
10586
10599
10591
10611
10620
10623
10603
10602
10609
10616
10600
10607
10605
10601
10606
10585
10589
10573
10565
10575
10583
10574
10577
10575
10577
10582
10584
10592
10586
10595
10589
10585
10585
10587
10583
10581
10581
10571
10573
10571
10572
10577
10574
10562
10558
10547
10561
10556
10563
10558
10557
10566
10573
10571
10583
10583
10579
10568
10572
10572
10571
10572
10571
10570
10570
10563
10562
10561
10560
10566
10565
10565
10566
10566
10564
10563
10564
10564
10563
10562
10560
10563
10562
10560
10556
10555
10557
10557
10557
10556
10557
10558
10560
10561
10558
10561
10560
10556
10556
10555
10555
10554
10555
10551
10553
10554
10554
10554
10553
10553
10552
10552
10555
10555
10557
10561
10561
10559
10559
10560
10560
10561
10562
10565
10564
10568
10567
10567
10567
10566
10567
10563
10565
10565
10567
10566
10564
10563
10561
10563
10558
10560
10564
10564
10564
10561
10563
10563
10569
10575
10572
10565
10569
10575
10572
10571
10573
10571
10571
10573
10569
10575
10575
10578
10582
10584
10587
10589
10593
10591
10590
10586
10588
10589
10584
10577
10572
10576
10578
10576
10573
10576
10577
10577
10577
10576
10576
10569
10570
10570
10570
10572
10574
10575
10574
10575
10575
10575
10571
10569
10567
10567
10564
10564
10565
10562
10564
10561
10564
10562
10564
10561
10562
10563
10561
10559
10560
10556
10553
10559
10530
10530
10550
10548
10545
10529
10532
10511
10511
10583
10579
10568
10572
10572
10571
10572
10571
10570
10570
10563
10562
10561
10560
10566
10565
10565
10566
10566
10564
10563
10564
10564
10563
10562
10560
10563
10562
10560
10556
10555
10557
10557
10557
10556
10557
10558
10560
10561
10558
10561
10560
10556
10556
10555
10555
10554
10555
10551
10553
10554
10554
10554
10553
10553
10552
10552
10555
10555
10557
10561
10561
10559
10559
10560
10560
10561
10562
10565
10564
10568
10567
10567
10567
10566
10567
10563
10565
10565
10567
10566
10564
10563
10561
10563
10558
10560
10564
10564
10564
10561
10563
10563
10569
10575
10572
10565
10569
10575
10572
10571
10573
10571
10571
10573
10569
10575
10575
10578
10582
10584
10587
10589
10593
10591
10590
10586
10588
10589
10584
10577
10572
10576
10578
10576
10573
10576
10577
10577
10577
10576
10576
10569
10570
10570
10570
10572
10574
10575
10574
10575
10575
10575
10571
10569
10567
10567
10564
10564
10565
10562
10564
10561
10564
10562
10564
10561
10562
10563
10561
10559
10560
10556
10553
10559
10530
10530
10550
10548
10546
10530
10532
10513
10512
10519
