10615
10620
10624
10606
10593
10581
10568
10563
10572
10568
10578
10581
10565
10556
10549
10545
10557
10560
10553
10554
10560
10554
10548
10560
10566
10562
10558
10541
10535
10541
10542
10544
10544
10545
10548
10543
10543
10541
10542
10545
10546
10552
10552
10550
10551
10551
10544
10544
10549
10553
10555
10561
10558
10558
10558
10560
10551
10555
10557
10559
10594
10591
10593
10600
10585
10580
10585
10585
10594
10581
10584
10584
10590
10593
10585
10585
10587
10575
10574
10575
10576
10577
10566
10564
10564
10567
10571
10569
10572
10571
10575
10574
10573
10575
10579
10579
10580
10579
10581
10580
10580
10582
10584
10586
10588
10589
10586
10586
10585
10581
10581
10571
10574
10575
10581
10583
10583
10585
10587
10588
10581
10577
10580
10579
10585
10579
10584
10575
10565
10560
10565
10566
10563
10567
10532
10531
10532
10510
10511
10519
10526
10523
10524
10525
10525
10527
10524
10527
10534
10537
10535
10532
10533
10534
10537
10536
10539
10542
10543
10544
10536
10535
10535
10537
10537
10536
10532
10524
10524
10526
10525
10525
10533
10533
10533
10534
10520
10520
10518
10519
10501
10496
10501
10507
10492
10486
10488
10496
10512
10513
10509
10528
10530
10528
10528
10528
10525
10533
10522
10521
10523
10526
10523
10522
10526
10529
10532
10532
10534
10532
10531
10531
10534
10534
10535
10535
10538
10538
10538
10534
10537
10534
10532
10536
10538
10537
10535
10531
10531
10534
10532
10529
10528
10532
10533
10529
10528
10528
10529
10529
10524
10531
10527
10525
10538
10531
10516
10512
10521
10516
10503
10500
10509
10509
10510
10515
10512
10511
10491
10495
10499
10509
10510
10509
10515
10516
10521
10521
10520
10519
10523
10526
10525
10524
10529
10531
10534
10539
10548
10548
10548
10546
10548
10549
10548
10548
10550
10548
10549
10545
10542
10542
10542
10543
10542
10539
10542
10555
10562
10564
10604
10609
10613
10597
10585
10588
10582
10582
10590
10582
10587
10586
10598
10594
10596
10597
10599
10603
10625
10632
10634
10632
10628
10628
10626
10628
10629
10631
10633
10634
10635
10631
10636
10639
10640
10641
10643
10641
10638
10634
10636
10636
10635
10631
10634
10634
10632
10633
10633
10633
10632
10633
10634
10634
10636
10638
10636
10632
10633
10632
10640
10645
10647
10639
10638
10640
10638
10636
10635
10644
10649
10633
10621
10616
10623
10623
10611
10606
10601
10605
10607
10609
10612
10614
10610
10610
10611
10610
10611
10606
10606
10608
10611
10611
10614
10611
10609
10608
10603
10604
10607
10606
10604
10606
10598
10588
10589
10592
10583
10573
10573
10576
10574
10568
10571
10573
10570
10573
10577
10578
10561
10561
10552
10553
10566
10544
10534
10522
10519
10528
10528
10523
10527
10536
10534
10536
10522
10526
10536
10543
10543
10548
10551
10547
10543
10543
10537
10538
10535
10538
10538
10535
10533
10533
10527
10515
10507
10509
10512
10502
10504
10518
10513
10508
10501
10495
10495
10499
10502
10491
10490
10494
10504
10509
10509
10509
10509
10510
10510
10510
10488
10482
10478
10473
10486
10497
10506
10514
10516
10524
10524
10524
10532
10532
10535
10538
10537
10536
10536
10537
10545
10547
10552
10557
10561
10558
10557
10563
10564
10561
10562
10566
10566
10567
10567
10569
10571
10570
10572
10574
10578
10577
10579
10576
10574
10575
10576
10575
10575
10574
10572
10571
10571
10567
10567
10570
10570
10569
10571
10572
10546
10547
10544
10535
10536
10531
10518
10507
10503
10511
10495
10485
10486
10479
10491
10493
10497
10496
10498
10485
10475
10438
10441
10451
10447
10449
10446
10441
10453
10450
10447
10452
10453
10450
10447
10432
10435
10431
10436
10440
10446
10444
10444
10436
10432
10436
10430
10435
10431
10433
10432
10434
10438
10440
10440
10433
10431
10427
10431
10430
10413
10438
10442
10413
10396
10376
10348
10340
10351
10359
10354
10350
10351
10353
10330
10323
10328
10315
10321
10323
10331
10344
10351
10347
10339
10351
10354
10352
10348
10346
10349
10346
10341
10344
10346
10350
10350
10346
10342
10342
10334
10335
10334
10335
10336
10335
10327
10324
10326
10330
10331
10331
10343
10348
10343
10340
10331
10328
10331
10332
10289
10298
10316
10327
10315
10318
10335
10330
10330
10344
10356
10353
10341
10340
10337
10314
10311
10318
10319
10328
10330
10334
10332
10337
10332
10322
10328
10321
10324
10320
10320
10318
10328
10330
10327
10326
10319
10317
10316
10302
10301
10285
10296
10297
10299
10298
10291
10286
10281
10285
10285
10280
10270
10263
10263
10268
10262
10263
10261
10261
10292
10294
10291
10302
10311
10307
10294
10290
10301
10311
10324
10317
10318
10327
10328
10331
10326
10329
10328
10328
10330
10328
10323
10324
10326
10327
10331
10331
10327
10325
10328
10332
10331
10330
10331
10330
10328
10328
10329
10321
10318
10318
10312
10309
10314
10316
10319
10317
10321
10318
10319
10318
10326
10324
10322
10320
10322
10321
10322
10319
10338
10337
10328
10302
10309
10318
10307
10316
10325
10320
10310
10283
10277
10283
10282
10266
10278
10288
10292
10302
10295
10293
10285
10288
10297
10299
10294
10296
10292
10294
10289
10295
10299
10317
10319
10320
10320
10323
10322
10325
10323
10323
10305
10306
10307
10306
10301
10304
10307
10303
10305
10294
10295
10298
10294
10296
10300
10301
10302
10299
10292
10311
10312
10303
10293
10309
10310
10296
10287
10290
10286
10281
10270
10263
10263
10276
10278
10271
10271
10276
10275
10280
10276
10278
10291
10295
10293
10288
10289
10290
10296
10304
10302
10303
10307
10315
10315
10315
10312
10315
10318
10317
10308
10308
10306
10308
10309
10310
10310
10312
10310
10312
10313
10317
10309
10308
10305
10305
10312
10312
10355
10354
10359
10357
10367
10377
10374
10377
10377
10380
10380
10377
10380
10381
10386
10385
10386
10386
10386
10385
10384
10382
10381
10385
10385
10385
10382
10382
10374
10375
10378
10379
10380
10381
10381
10380
10380
10382
10381
10380
10381
10381
10381
10380
10380
10378
10378
10378
10378
10379
10380
10381
10380
10380
10381
10380
10379
10378
10379
10378
10386
10396
10404
10405
10387
10395
10396
10413
10417
10421
10421
10422
10428
10436
10438
10442
10440
10442
10442
10441
10442
10442
10440
10441
10442
10445
10444
10446
10446
10446
10445
10447
10450
10451
10452
10453
10452
10452
10451
10451
10450
10450
10453
10451
10451
10451
10448
10450
10451
10452
10445
10447
10449
10450
10446
10451
10450
10449
10448
10448
10458
10446
10448
10443
10456
10446
10437
10441
10427
10433
10443
10437
10437
10441
10446
10451
10455
10460
10458
10461
10461
10458
10458
10462
10463
10463
10463
10461
10461
10459
10457
10456
10459
10456
10454
10455
10455
10452
10454
10455
10458
10458
10458
10458
10457
10460
10460
10458
10458
10460
10460
10461
10461
10458
10458
10459
10458
10457
10460
10462
10444
10438
10439
10446
10466
10465
10465
10478
10488
10489
10487
10481
10484
10493
10489
10497
10499
10506
10511
10513
10511
10509
10511
10512
10512
10513
10511
10512
10512
10511
10509
10510
10510
10510
10510
10510
10510
10512
10513
10512
10513
10514
10507
10514
10514
10514
10513
10512
10513
10511
10508
10503
10508
10511
10511
10509
10502
10500
10501
10503
10524
10523
10518
10516
10516
10527
10517
10513
10509
10507
10513
10513
10513
10496
10498
10504
10509
10509
10514
10511
10512
10514
10512
10512
10516
10521
10518
10518
10518
10513
10517
10518
10519
10517
10517
10517
10518
10516
10515
10511
10514
10512
10508
10506
10505
10506
10507
10503
10504
10506
10510
10510
10508
10510
10514
10514
10515
10515
10521
10522
10555
10573
10572
10580
10609
10612
10623
10620
10625
10625
10627
10641
10638
10635
10635
10639
10642
10641
10640
10640
10635
10635
10630
10629
10629
10630
10631
10567
10590
10579
10581
10565
10581
10583
10589
10590
10589
10594
10604
10606
10610
10606
10607
10614
10618
10618
10621
10622
10623
10621
10623
10624
10623
10620
10619
10623
10620
10623
10627
10629
10646
10640
10645
10652
10648
10657
10657
10652
10667
10672
10673
10668
10663
10655
10664
10666
10668
10669
10671
10669
10670
10667
10668
10666
10666
10669
10669
10671
10672
10673
10675
10681
10682
10683
10684
10684
10684
10685
10685
10684
10684
10685
10685
10685
10686
10687
10687
10688
10692
10696
10695
10694
10693
10694
10694
10697
10697
10696
10696
10697
10683
10682
10682
10679
10679
10680
10675
10673
10674
10675
10684
10686
10685
10682
10683
10683
10677
10675
10683
10683
10684
10685
10683
10684
10683
10682
10684
10680
10681
10679
10683
10681
10683
10683
10685
10685
10684
10682
10686
10685
10685
10685
10683
10683
10683
10681
10676
10670
10674
10676
10681
10684
10685
10685
10696
10696
10697
10703
10709
10710
10732
10728
10730
10720
10724
10728
10729
10742
10716
10720
10725
10723
10724
10728
10723
10722
10710
10715
10719
10718
10726
10730
10729
10727
10729
10732
10729
10725
10725
10730
10730
10737
10737
10740
10740
10738
10737
10737
10740
10739
10740
10740
10742
10743
10742
10742
10743
10744
10748
10748
10745
10746
10753
10754
10755
10756
10755
10757
10758
10755
10766
10768
10768
10772
10763
10761
10760
10760
10761
10756
10751
10748
10737
10733
10732
10739
10740
10738
10736
10737
10739
10740
10737
10739
10742
10746
10745
10745
10744
10743
10747
10752
10754
10754
10754
10755
10751
10748
10749
10748
10743
10741
10741
10745
10746
10746
10745
10744
10741
10745
10743
10742
10743
10737
10730
10728
10722
10720
10721
10720
10740
10752
10759
10766
10756
10752
10739
10750
10746
10737
10730
10721
10704
10700
10698
10700
10709
10712
10711
10717
10721
10722
10723
10715
10712
10706
10703
10704
10707
10701
10693
10695
10686
10690
10693
10693
10688
10688
10695
10702
10702
10700
10699
10700
10704
10692
10696
10696
10701
10704
10705
10705
10718
10720
10724
10727
10727
10727
10727
10727
10743
10733
10738
10736
10745
10742
10747
10742
10761
10756
10770
10774
10774
10782
10778
10782
10788
10790
10785
10785
10782
10787
10784
10784
10787
10791
10789
10788
10788
10788
10785
10785
10785
10787
10775
10768
10770
10774
10773
10774
10777
10771
10755
10756
10763
10763
10764
10766
10762
10764
10767
10769
10771
10771
10768
10767
10761
10759
10760
10760
10726
10722
10720
10713
10700
10705
10707
10707
10712
10725
10726
10722
10726
10735
10746
10748
10754
10749
10749
10749
10743
10743
10746
10748
10746
10747
10749
10750
10747
10756
10754
10750
10751
10755
10756
10753
10754
10752
10753
10751
10745
10747
10750
10746
10743
10745
10745
10747
10750
10750
10748
10745
10726
10726
10732
10727
10727
10729
10731
10729
10759
10766
10759
10760
10757
10766
10767
10771
10772
10768
10768
10773
10751
10748
10747
10757
10749
10733
10730
10733
10742
10740
10745
10749
10750
10751
10746
10752
10750
10752
10741
10743
10736
10732
10732
10732
10720
10737
10736
10734
10736
10738
10739
10732
10731
10729
10734
10739
10735
10737
10739
10745
10745
10746
10746
10747
10737
10735
10734
10735
10716
10720
10720
10727
10732
10723
10711
10709
10713
10714
10726
10738
10736
10733
10733
10731
10735
10738
10735
10735
10732
10733
10735
10737
10735
10735
10734
10735
10739
10746
10751
10751
10753
10748
10748
10749
10747
10742
10744
10745
10743
10740
10741
10742
10743
10740
10742
10745
10746
10744
10745
10746
10745
10746
10748
10746
10742
10744
10744
10743
10762
10759
10755
10754
10760
10765
10755
10758
10765
10774
10767
10760
10744
10745
10734
10735
10743
10742
10738
10736
10740
10743
10741
10742
10741
10736
10731
10732
10732
10737
10740
10742
10741
10743
10744
10747
10744
10741
10741
10741
10742
10742
10741
10738
10737
10739
10738
10742
10744
10743
10740
10739
10730
10728
10728
10731
10731
10733
10733
10733
10710
10705
10704
10700
10697
10693
10698
10714
10717
10720
10721
10717
10723
10731
10731
10735
10737
10744
10742
10740
10737
10737
10734
10738
10735
10738
10737
10739
10740
10743
10742
10737
10736
10738
10739
10735
10735
10736
10738
10737
10738
10738
10740
10739
10734
10735
10737
10738
10737
10737
10737
10734
10732
10734
10734
10734
10734
10728
10728
10726
10744
10743
10743
10746
10751
10749
10754
10756
10757
10760
10765
10771
10776
10778
10779
10780
10782
10783
10784
10782
10781
10778
10765
10738
10729
10727
10732
10736
10738
10741
10738
10734
10738
10737
10740
10737
10737
10737
10735
10736
10735
10740
10740
10740
10737
10730
10729
10732
10706
10702
10702
10703
10707
10697
10684
10690
10696
10702
10706
10708
10761
10773
10777
10780
10802
10800
10781
10783
10782
10764
10764
10748
10745
10743
10746
10730
10724
10730
10740
10746
10744
10752
10754
10746
10745
10737
10741
10749
10752
10751
10751
10760
10754
10750
10748
10753
10746
10746
10749
10748
10745
10741
10742
10746
10749
10750
10751
10746
10737
10741
10746
10742
10761
10763
10750
10751
10741
10742
10744
10745
10743
10742
10745
10733
10737
10750
10745
10751
10745
10730
10740
10741
10749
10754
10762
10762
10757
10760
10762
10766
10761
10764
10762
10764
10765
10774
10774
10774
10776
10782
10783
10779
10774
10769
10768
10772
10776
10775
10779
10787
10778
10779
10781
10782
10782
10784
10787
10784
10785
10790
10785
10784
10790
10790
10792
10791
10782
10778
10777
10777
10815
10813
10816
10806
10806
10802
10798
10794
10787
10790
10804
10806
10802
10806
10809
10807
10806
10810
10810
10802
10804
10801
10808
10806
10804
10796
10785
10792
10794
10794
10791
10793
10792
10796
10792
10781
10780
10775
10775
10779
10779
10780
10779
10778
10780
10780
10783
10784
10784
10784
10784
10790
10788
10787
10788
10790
10791
10793
10798
10802
10760
10758
10763
10766
10775
10777
10778
10778
10780
10783
10765
10770
10770
10771
10772
10775
10793
10800
10793
10792
10791
10793
10794
10793
10793
10795
10795
10793
10786
10778
10784
10785
10787
10783
10773
10776
10775
10776
10778
10776
10781
10782
10783
10783
10784
10785
10789
10787
10784
10785
10782
10778
10781
10781
10785
10785
10778
10778
10778
10779
10801
10797
10796
10793
10796
10787
10770
10759
10750
10747
10756
10755
10752
10760
10764
10766
10772
10772
10773
10770
10770
10771
10765
10764
10766
10764
10770
10772
10773
10774
10768
10771
10772
10762
10765
10766
10765
10758
10755
10761
10762
10764
10763
10764
10765
10765
10767
10767
10767
10768
10771
10771
10769
10770
10772
10773
10772
10775
10783
10785
10791
10791
10805
10810
10810
10784
10771
10769
10757
10760
10762
10767
10765
10767
10763
10765
10760
10760
10748
10752
10745
10747
10752
10755
10753
10756
10757
10754
10752
10755
10760
10755
10758
10760
10762
10763
10761
10763
10764
10764
10768
10764
10759
10758
10759
10757
10761
10762
10763
10764
10765
10766
10772
10772
10772
10772
10772
10768
10769
10770
10787
10784
10785
10783
10778
10778
10786
10789
10791
10779
10782
10787
10792
10786
10786
10793
10799
10801
10802
10803
10799
10796
10799
10796
10798
10798
10790
10790
10789
10789
10793
10798
10794
10794
10799
10801
10802
10802
10803
10804
10803
10797
10798
10799
10801
10803
10803
10804
10805
10806
10806
10807
10807
10805
10806
10808
10813
10816
10818
10821
10802
10799
10803
10796
10799
10805
10804
10797
10803
10807
10806
10803
10803
10801
10807
10809
10810
10813
10816
10817
10820
10814
10813
10816
10814
10815
10813
10813
10813
10811
10812
10812
10805
10803
10804
10806
10806
10809
10809
10808
10802
10802
10805
10805
10807
10806
10804
10806
10806
10806
10805
10805
10804
10800
10801
10803
10804
10806
10804
10804
10806
10803
10790
10787
10795
10809
10808
10801
10802
10805
10810
10815
10809
10804
10802
10805
10806
10805
10806
10808
10805
10807
10806
10802
10795
10804
10805
10804
10805
10803
10802
10804
10805
10806
10804
10805
10805
10805
10804
10801
10802
10802
10788
10776
10760
10753
10746
10713
10706
10722
10715
10725
10726
10726
10716
10714
10714
10714
10718
10718
10685
10693
10693
10683
10675
10666
10662
10679
10680
10698
10698
10694
10690
10690
10691
10690
10685
10685
10689
10689
10690
10694
10696
10693
10699
10704
10707
10704
10706
10711
10712
10715
10717
10713
10711
10712
10714
10714
10708
10709
10710
10713
10711
10713
10714
10713
10712
10716
10717
10721
10720
10724
10729
10732
10730
10731
10730
10728
10726
10726
10704
10703
10705
10707
10712
10706
10690
10698
10690
10695
10704
10700
10698
10705
10704
10710
10705
10700
10702
10700
10703
10705
10715
10716
10716
10717
10719
10717
10716
10717
10714
10708
10708
10712
10712
10715
10713
10715
10718
10709
10703
10706
10707
10706
10713
10704
10703
10705
10705
10705
10708
10706
10711
10712
10711
10705
10700
10688
10688
10690
10683
10688
10691
10693
10702
10680
10675
10681
10685
10685
10686
10685
10678
10686
10687
10682
10685
10682
10677
10667
10667
10674
10671
10675
10668
10669
10671
10676
10672
10671
10665
10657
10663
10663
10663
10658
10638
10645
10642
10645
10649
10652
10653
10654
10656
10655
10655
10658
10667
10668
10669
10670
10678
10680
10683
10685
10683
10680
10680
10682
10641
10641
10647
10646
10647
10634
10625
10631
10637
10641
10639
10636
10638
10625
10628
10636
10629
10627
10626
10628
10633
10631
10627
10628
10622
10627
10626
10626
10628
10625
10616
10611
10615
10620
10618
10617
10613
10602
10602
10605
10607
10607
10611
10615
10616
10622
10623
10625
10621
10621
10620
10623
10632
10633
10634
10637
10637
10638
10638
10638
10579
10582
10583
10581
10585
10598
10602
10605
10596
10595
10599
10602
10602
10607
10616
10612
10611
10616
10612
10613
10615
10616
10619
10621
10624
10626
10624
10622
10622
10623
10625
10628
10628
10631
10628
10624
10623
10625
10625
10623
10626
10626
10623
10626
10626
10626
10627
10628
10630
10628
10628
10628
10624
10623
10621
10622
10618
10616
10618
10616
10682
10688
10690
10686
10692
10680
10683
10682
10681
10687
10689
10689
10692
10688
10700
10696
10692
10695
10698
10698
10690
10672
10672
10677
10683
10681
10682
10681
10680
10684
10685
10685
10688
10689
10695
10697
10696
10694
10694
10690
10691
10693
10694
10694
10695
10696
10698
10696
10699
10699
10704
10704
10700
10697
10695
10694
10693
10695
10695
10697
10711
10712
10705
10703
10694
10691
10688
10690
10689
10693
10690
10686
10693
10684
10674
10666
10669
10668
10670
10669
10667
10668
10672
10674
10675
10673
10674
10672
10672
10671
10671
10673
10669
10669
10669
10678
10672
10665
10666
10666
10660
10660
10657
10654
10655
10663
10663
10661
10660
10662
10662
10663
10663
10664
10664
10663
10663
10661
10662
10662
10690
10694
10695
10688
10689
10692
10688
10688
10682
10682
10687
10692
10694
10710
10715
10721
10725
10725
10727
10727
10742
10741
10741
10738
10739
10739
10744
10745
10748
10743
10743
10745
10747
10747
10754
10755
10756
10757
10756
10755
10755
10756
10757
10754
10753
10754
10752
10754
10756
10755
10757
10768
10769
10772
10778
10778
10775
10779
10781
10780
10821
10824
10825
10821
10821
10822
10807
10810
10818
10815
10816
10812
10816
10822
10822
10835
10836
10838
10841
10847
10854
10862
10865
10866
10864
10858
10856
10858
10840
10844
10850
10850
10852
10847
10857
10863
10858
10859
10858
10859
10862
10859
10851
10853
10846
10847
10842
10832
10826
10821
10821
10809
10808
10808
10821
10826
10821
10817
10821
10825
10822
10829
10835
10829
10819
10818
10823
10825
10815
10817
10811
10810
10816
10831
10835
10832
10834
10831
10838
10846
10846
10843
10843
10843
10844
10845
10839
10839
10840
10842
10838
10839
10841
10843
10843
10843
10840
10839
10844
10844
10845
10845
10853
10851
10850
10848
10848
10849
10849
10852
10851
10842
10842
10844
10845
10847
10847
10850
10852
10852
10837
10836
10833
10831
10829
10834
10833
10831
10839
10841
10837
10839
10846
10845
10843
10835
10830
10833
10837
10838
10835
10839
10837
10840
10841
10843
10843
10844
10845
10845
10844
10844
10844
10842
10842
10843
10845
10847
10848
10847
10848
10846
10845
10846
10845
10846
10841
10842
10843
10845
10845
10842
10842
10844
10843
10844
10843
10847
10849
10849
10836
10835
10832
10812
10805
10811
10810
10811
10809
10785
10778
10772
10768
10771
10777
10775
10765
10761
10761
10771
10774
10774
10770
10767
10763
10764
10763
10764
10765
10766
10765
10771
10772
10769
10766
10766
10766
10769
10768
10766
10762
10765
10763
10764
10762
10762
10760
10756
10752
10738
10737
10737
10746
10746
10743
10746
10747
10745
10747
10747
10732
10740
10733
10722
10729
10736
10735
10731
10715
10718
10706
10703
10707
10712
10723
10723
10729
10742
10742
10735
10736
10723
10723
10720
10721
10720
10718
10724
10722
10721
10719
10721
10721
10713
10711
10700
10705
10696
10697
10695
10705
10705
10703
10701
10706
10707
10708
10707
10704
10704
10705
10705
10696
10699
10702
10703
10705
10708
10709
10707
10741
10736
10736
10735
10733
10731
10734
10741
10748
10744
10740
10736
10736
10723
10718
10719
10725
10724
10728
10726
10732
10733
10730
10727
10726
10723
10725
10721
10717
10712
10711
10708
10714
10714
10717
10717
10716
10716
10721
10720
10719
10718
10717
10716
10718
10717
10717
10718
10720
10716
10712
10711
10713
10712
10718
10720
10721
10721
10721
10725
10641
10647
10642
10624
10625
10628
10631
10631
10632
10616
10618
10607
10597
10604
10609
10616
10611
10615
10621
10613
10615
10621
10635
10632
10625
10623
10625
10620
10616
10608
10607
10611
10604
10601
10606
10601
10602
10606
10608
10609
10610
10609
10606
10600
10593
10592
10585
10585
10586
10585
10592
10593
10596
10592
10588
10589
10576
10569
10570
10574
10596
10592
10591
10590
10593
10582
10573
10571
10574
10576
10581
10574
10556
10536
10523
10495
10506
10512
10522
10525
10539
10554
10548
10538
10539
10549
10547
10549
10557
10572
10568
10571
10575
10571
10573
10596
10598
10601
10610
10612
10609
10606
10607
10612
10615
10623
10631
10637
10642
10655
10643
10641
10641
10640
10626
10610
10595
10595
10597
10601
10603
10626
10630
10615
10588
10589
10595
10590
10571
10564
10582
10575
10580
10580
10591
10593
10589
10596
10594
10588
10587
10593
10599
10602
10612
10612
10612
10614
10616
10617
10610
10605
10609
10615
10620
10629
10630
10620
10625
10631
10637
10639
10645
10639
10642
10638
10637
10635
10635
10640
10637
10634
10635
10637
10638
10634
10637
10642
10646
10646
10586
10584
10583
10567
10568
10573
10585
10589
10590
10610
10617
10602
10597
10598
10607
10599
10597
10602
10600
10592
10585
10584
10573
10561
10564
10574
10573
10570
10571
10571
10577
10578
10582
10585
10586
10588
10578
10581
10581
10576
10577
10579
10570
10570
10571
10568
10571
10574
10562
10558
10547
10546
10556
10556
10555
10554
10556
10565
10568
10568
10583
10579
10567
10568
10570
10570
10570
10570
10569
10569
10562
10561
10561
10559
10560
10565
10562
10564
10565
10562
10562
10563
10563
10563
10562
10560
10560
10562
10559
10556
10553
10554
10555
10554
10556
10555
10557
10558
10559
10558
10558
10560
10555
10555
10555
10555
10554
10554
10551
10550
10552
10552
10554
10553
10550
10552
10551
10552
10555
10554
10557
10561
10558
10558
10558
10559
10560
10559
10560
10564
10563
10567
10566
10566
10566
10566
10562
10563
10564
10565
10566
10564
10560
10560
10561
10558
10558
10560
10563
10563
10560
10559
10557
10563
10568
10570
10564
10565
10568
10571
10569
10570
10571
10570
10571
10569
10569
10572
10575
10578
10582
10584
10587
10588
10591
10590
10585
10585
10586
10585
10577
10571
10572
10575
10572
10571
10573
10575
10575
10574
10574
10574
10568
10566
10569
10569
10568
10572
10573
10573
10574
10573
10572
10571
10569
10565
10567
10563
10564
10564
10562
10561
10561
10561
10562
10562
10561
10561
10562
10562
10559
10558
10556
10551
10550
10525
10530
10527
10546
10541
10529
10523
10515
10510
10507
10579
10567
10568
10570
10570
10570
10570
10569
10569
10562
10561
10561
10559
10560
10565
10562
10564
10565
10562
10562
10563
10563
10563
10562
10560
10560
10562
10559
10556
10553
10554
10555
10554
10556
10555
10557
10558
10559
10558
10558
10560
10555
10555
10555
10555
10554
10554
10551
10550
10552
10552
10554
10553
10550
10552
10551
10552
10555
10554
10557
10561
10558
10558
10558
10559
10560
10559
10560
10564
10563
10567
10566
10566
10566
10566
10562
10563
10564
10565
10566
10564
10560
10560
10561
10558
10558
10560
10563
10563
10560
10559
10557
10563
10568
10570
10564
10565
10568
10571
10569
10570
10571
10570
10571
10569
10569
10572
10575
10578
10582
10584
10587
10588
10591
10590
10585
10585
10586
10585
10577
10571
10572
10575
10572
10571
10573
10575
10575
10574
10574
10574
10568
10566
10569
10569
10568
10572
10573
10573
10574
10573
10572
10571
10569
10565
10567
10563
10564
10564
10562
10561
10561
10561
10562
10562
10561
10561
10562
10562
10559
10558
10556
10551
10550
10525
10530
10527
10546
10541
10529
10523
10515
10510
10506
10518
