7691
4189
1974
9021
7654
6593
7432
5730
3988
4413
3225
2482
4650
6400
5704
3931
2575
1174
1686
1553
1320
941
2672
3737
963
1168
1647
3983
4436
2373
745
472
569
1059
634
623
507
1155
459
1107
1539
2157
1452
568
258
434
1372
770
687
1114
1495
2189
1025
626
914
797
2643
1799
1396
2889
4951
2054
2638
6225
7911
5022
3351
4115
2572
4251
1763
1743
2364
1416
2130
1395
1310
3278
3190
1971
1194
933
3425
2953
1820
1680
1067
832
442
1184
907
686
429
1299
570
539
327
858
415
650
533
318
1025
1052
1654
462
954
472
515
1177
748
2598
1725
933
1056
764
1600
1734
868
2355
3139
2266
1187
6663
3634
3386
1433
2894
6090
6268
2629
3456
2840
1425
10802
4583
3897
10259
3908
3199
2161
2096
958
963
649
482
790
1900
2320
1965
1416
836
573
757
772
562
2046
1071
795
1205
1538
690
706
865
683
331
1231
1782
1441
986
1084
1722
1459
721
847
597
3297
2563
2543
2850
4645
2350
1933
5071
6265
6897
6575
3513
2801
3596
5189
5596
3332
2058
1966
1410
1510
3279
3311
2011
1050
840
895
755
683
1149
927
626
1003
1068
1099
710
384
587
631
1160
1627
679
786
1055
417
436
752
944
326
365
663
1301
419
604
696
1167
1056
563
501
915
1148
1492
805
1657
3600
871
1889
4454
3275
3221
5453
4452
2820
3231
6883
4329
3116
1370
2164
1068
1095
1421
6874
2486
3241
1453
1308
1112
2790
2393
1315
1599
890
1006
2001
2604
1296
807
1859
2107
2775
3556
4757
1563
714
1123
527
655
787
767
627
696
343
1002
1485
1137
667
499
640
1234
6010
3494
3207
3076
5189
2220
2023
6810
4080
2965
4289
2932
1874
3701
1567
1802
4260
1291
1354
1150
983
13600
4164
3691
2257
1698
1773
1078
1200
766
1194
1050
545
1040
995
1521
1981
1271
740
614
1307
1193
856
1465
606
495
1059
1141
435
605
881
858
595
643
947
633
640
728
1525
1003
1619
2726
1836
3494
3248
1460
1378
5288
2584
2492
4312
2898
1914
4926
1905
5015
6132
4361
2146
1913
4079
4267
5301
1904
1426
1379
705
1174
1040
726
560
694
290
1037
806
685
810
741
1155
722
810
767
1747
1105
530
619
773
544
2818
4409
1368
1007
3155
3475
2238
1441
1317
1814
1537
1256
1652
2036
3174
2780
2993
1616
2392
3492
4246
6738
5396
4948
4559
2746
1578
2481
2249
1708
1147
551
2522
1296
2982
1633
621
1699
770
811
958
719
1218
502
874
702
349
604
572
504
1173
4427
3169
1249
1042
2002
1933
1441
773
745
1533
2167
1014
995
949
2460
2067
2898
1443
2414
1090
1827
1535
0
0
0
4296
3964
3006
4940
4961
8055
4730
7522
3332
5832
3320
4895
3540
2302
5102
3336
1311
1418
1901
1872
1140
2153
2909
2577
2976
1928
2197
1447
913
827
1399
2097
690
795
470
1903
1643
697
423
1580
1385
1348
710
798
1105
700
608
424
466
736
862
1034
975
1930
891
1159
1615
1955
1545
2458
4928
2313
1960
6492
4418
4666
7108
6488
4635
3302
6261
7317
3867
5861
4088
1991
1485
1419
1142
2772
4853
10687
5607
2507
2242
2267
1815
2809
877
1121
1318
759
727
1052
1329
4997
1970
1920
926
2709
1110
1002
613
1469
1711
793
1876
783
1284
1073
1226
1082
1664
1830
923
1693
3021
3640
2355
3951
5389
2978
1692
8365
7799
7748
8626
7505
4631
6253
4624
4485
2601
2646
6274
5649
2840
5099
2020
1673
3994
6910
2504
1695
2985
1317
1326
1202
1061
1161
1038
916
1432
770
781
820
970
758
991
852
2229
661
959
708
667
712
1882
1999
1157
1034
639
2010
2961
1438
1634
1422
2288
2691
2095
2990
5080
4987
3523
7581
6260
6576
5217
3774
4420
5121
5792
2494
4014
2246
2264
8730
4449
1686
2166
1586
995
1617
2013
1387
1075
2044
993
1542
798
1150
1156
2244
675
763
609
392
1385
1620
1216
4540
2098
5633
1765
1864
576
749
1655
1825
2499
1129
1353
1841
3293
3655
2914
2341
3491
2987
2749
3998
4473
2037
3672
9801
5103
4053
7391
5062
4211
6825
6419
3221
2452
3396
2217
1799
2627
2097
1853
962
1081
1211
1750
1104
785
897
1032
1635
898
1378
486
953
421
1057
564
496
558
414
335
2041
1716
795
2501
2592
2055
948
823
468
1084
859
435
2491
962
613
1026
805
1404
1920
2760
5016
4422
2199
3466
9619
8203
4861
5182
3166
3484
2865
3716
12089
5515
2821
2769
7371
4047
1808
4698
1684
1560
1608
1951
1097
1561
738
1005
850
1446
588
999
1138
4840
2704
3226
2752
1487
866
467
629
322
236
2645
1169
773
2123
2159
910
654
1094
758
2997
1798
981
1857
2146
3420
2183
1769
4525
3266
1720
1442
4681
9974
2731
2493
4970
5341
2604
4508
3410
5344
5408
4764
1998
1132
3467
2297
1197
1589
951
865
3649
3374
1539
820
1556
479
774
2396
1795
1097
651
1642
3264
1467
911
785
2498
1389
641
2228
1215
862
706
532
617
804
788
468
456
1194
1006
1723
1028
1720
2048
1255
3144
2967
1375
1060
3027
3784
2941
1825
711
1168
912
1130
1315
626
3496
617
552
402
226
154
316
440
654
1044
312
312
151
441
204
1684
697
176
305
177
213
86
109
132
138
123
190
98
218
127
143
125
441
174
138
299
196
383
214
247
330
201
553
676
1126
1145
2405
3105
2507
3197
6407
7449
2868
9527
2644
4267
2727
1238
1639
5727
2673
2277
2302
1503
1056
1320
1716
843
955
1517
688
1697
2716
777
386
719
469
685
875
1702
925
1365
473
307
457
275
294
536
490
342
609
236
214
1126
769
703
706
1717
1724
633
356
1265
1452
1947
2597
2603
4107
4542
3925
2528
7458
5809
6432
8294
3322
6544
4443
2903
2504
1908
1010
3434
2358
6341
1958
1002
617
879
2478
936
530
2532
1357
594
966
458
708
819
897
849
906
797
521
340
810
396
846
461
194
307
367
857
445
905
409
327
235
358
479
242
794
526
441
1086
1433
1448
2548
3928
2387
2035
6852
5366
2603
6246
5443
5718
2339
2396
3579
3291
6438
2881
1267
2665
3844
2832
1251
1366
1024
521
456
1261
1239
686
594
411
457
703
264
834
373
250
406
496
217
481
325
348
388
2481
1585
427
347
487
594
161
690
1023
2436
1137
928
514
1330
2460
2391
1555
2569
4265
1811
2832
5115
4716
4973
4579
3421
3972
2771
1768
3656
1808
5887
2059
1854
1061
1849
970
1063
509
1006
468
796
2433
1202
754
482
354
960
461
404
371
292
193
347
309
454
441
1126
334
380
845
912
1004
464
442
959
896
782
679
891
854
990
789
910
958
2068
1081
2082
5970
2925
2880
13099
7825
7399
4741
4942
3151
4009
5837
4981
2595
2417
1259
1848
2007
1491
1141
399
2060
767
1969
1521
956
1011
528
15705
4351
6165
2239
6234
2442
2148
1747
754
974
2857
2265
1867
810
1057
736
2304
1895
772
1187
584
790
942
908
1853
1222
1301
958
1183
1640
2214
1389
3076
4026
1621
1449
6911
6569
4854
4364
3896
5034
2819
2824
3367
2501
3522
1385
749
895
1363
1335
625
524
945
650
1058
559
323
500
637
189
944
3960
1955
779
968
555
404
380
526
553
847
534
174
158
110
432
905
440
942
2054
1863
940
1220
733
636
846
1017
2089
2518
1451
2583
2765
1826
1115
3591
2768
2010
3246
2596
1753
2154
2823
1463
757
986
538
699
2119
1979
1594
461
890
601
562
363
656
421
265
933
454
950
302
465
218
272
533
145
273
689
241
350
157
394
451
245
264
418
1597
2322
1183
1303
954
1154
540
3631
1913
1907
1206
2700
1676
2211
4078
1801
2514
4887
2698
2381
6109
5125
7357
3456
1909
2057
1330
794
1141
951
5334
1075
913
1525
2783
992
989
650
718
228
485
900
1333
433
1646
1632
1360
836
495
632
566
564
498
1416
389
569
219
635
395
320
698
1750
1706
378
1395
1310
800
1356
1069
1106
2781
1803
922
2171
3275
1238
1334
4291
4298
2391
3806
5030
2121
3505
2762
4015
4818
3803
2570
1899
1781
2722
2072
1855
951
1068
1261
1478
1358
1479
546
452
458
1032
1344
1577
623
683
476
165
764
774
314
609
1962
593
520
590
222
501
1269
586
1433
556
501
383
407
1293
2298
1372
2308
1817
1789
2366
3172
2244
2465
6042
3752
2655
4659
1010
889
2401
2467
3001
4813
3896
2614
2072
1213
725
858
1334
2403
1717
442
877
747
936
1228
811
556
1218
2815
806
2342
939
848
550
874
910
1325
392
656
363
481
233
696
1543
419
702
706
931
922
3733
863
1455
1749
1438
1550
0
0
0
2845
2681
1484
4466
4663
2917
1307
6725
3848
6166
4796
2799
4022
4849
2128
2346
3978
2284
1521
971
1666
928
797
1227
983
1447
970
997
480
589
1376
771
674
244
2996
3277
1470
929
708
369
690
1228
6359
2041
1117
1040
1868
941
921
539
497
1193
663
695
1051
767
2292
2380
1296
2514
3865
2192
2205
5515
8264
4060
3797
2511
3734
4864
2854
2275
3965
5372
4174
2402
3963
1856
1043
1023
1602
1437
1161
1007
1030
623
638
448
3071
1533
507
803
401
528
784
685
350
328
390
572
1646
373
524
518
1621
445
682
687
269
173
345
804
5184
2517
2087
2469
2169
1391
1087
2549
4350
1319
2526
4114
5677
2530
2536
4082
2010
2032
3133
4053
9282
3556
3053
1891
2916
6875
2928
2876
1071
830
1037
1401
892
851
1226
1647
669
344
1683
847
1559
1701
1173
1071
5071
1824
548
746
668
280
304
962
520
690
770
339
641
438
1383
842
830
287
441
1240
1650
1818
1267
1789
3281
2322
1376
4920
4904
4019
5496
4627
2121
2853
5049
4630
1967
1597
973
1345
1781
1325
992
527
926
514
1337
555
318
500
579
442
2367
3299
1571
432
1970
1387
539
253
634
1383
401
422
646
526
427
245
212
414
334
795
426
455
222
626
570
775
750
464
1595
1501
1127
2125
3804
2665
2748
8740
5020
2482
4908
2825
5562
3765
2891
2675
9770
3336
6600
2584
1606
1322
1886
1337
1216
591
536
1859
1051
1504
2833
1747
1036
646
558
467
541
610
1366
1159
825
864
240
182
178
251
189
816
448
402
915
848
623
655
775
722
1946
1995
1687
1497
1826
1794
1861
3020
3703
3352
2006
6066
4631
5984
6726
1947
4928
3840
2830
2328
5009
1844
808
2474
3955
1996
1148
1020
1269
951
1344
708
1381
815
752
636
1552
470
345
1288
1211
364
646
952
539
320
344
229
267
282
161
140
1001
381
716
316
292
320
388
1061
912
385
601
1133
2039
2756
1665
3142
3273
1629
1710
6236
4061
2845
3160
3642
1806
3675
3869
3832
3604
3450
1158
1688
2041
1659
2435
1298
990
1492
5062
12069
6868
5777
3468
1481
1108
871
1443
1387
668
461
289
624
522
365
591
586
1564
628
392
253
642
2346
1540
1045
5784
3694
3100
2373
1226
3435
4405
1507
1634
2401
2538
2868
6269
3152
2183
11432
8292
5540
7359
3420
2839
8199
5650
7746
4516
3539
2193
5482
4258
3295
2111
1412
1697
2600
1718
1636
903
1818
1382
551
1408
1420
2414
785
1187
988
774
604
1214
666
522
555
900
1081
555
906
404
249
968
922
1705
1178
519
4764
2132
1578
2524
1485
2991
3121
1425
3199
3148
1307
1639
8370
4149
4471
3230
1626
2434
6663
1092
2128
3515
6150
1918
3389
2231
740
1458
1616
1567
659
322
342
3319
1451
618
553
2860
2082
771
1513
1635
2176
1122
776
525
1242
2466
3011
2480
839
656
455
648
505
464
598
1490
1416
1453
1003
581
904
712
2389
4490
3460
2420
2503
5601
2643
1956
5393
3437
5035
3570
3864
5241
4966
4056
2702
3805
2617
1871
1138
1491
622
589
1752
1111
2283
573
903
548
1711
5233
1810
794
1405
1009
707
1168
300
741
4125
1847
3475
1744
1560
676
647
1152
828
334
257
1218
1030
364
544
1062
2146
1245
760
955
915
2965
2151
1536
3284
6666
2934
1708
6286
2973
2980
2208
2339
3196
1816
6271
2353
1943
1389
1033
6529
4181
1692
2128
1459
988
849
1103
498
996
486
872
1347
2121
3594
1249
637
803
852
3304
1846
1015
1086
1147
896
315
204
895
150
174
1092
707
307
453
352
848
1071
388
1197
519
333
2766
1436
899
3068
3146
1547
1456
3853
3275
4664
8635
7858
7190
6046
3448
1786
2768
2766
1374
4895
1999
905
1082
1296
776
959
1771
797
370
843
1031
1544
397
431
899
417
194
1540
558
401
367
2382
1632
531
1266
341
440
1085
373
513
864
222
223
1005
2093
688
710
750
716
742
1774
2505
1761
2340
3587
2932
4667
9356
3610
11402
8340
4599
7368
5454
2311
2028
1711
2669
3430
1305
4311
2162
6638
1576
3170
1687
899
855
2188
843
964
669
1286
2573
604
1014
281
781
1881
790
610
519
391
682
436
481
1216
861
402
642
293
594
224
599
548
2924
994
1051
388
418
1625
2128
1180
2441
3305
1652
1511
5499
3125
2749
2815
5010
1607
4807
2180
2237
1442
1526
6906
1827
2618
2107
1357
512
4061
2003
489
1063
524
420
2163
1474
1319
1042
1921
923
815
245
936
962
682
1018
519
1461
503
1317
656
228
568
304
196
567
1633
717
405
1212
533
802
517
1951
2089
2409
2005
2990
3074
1797
1287
3704
3728
1604
3206
3759
1621
1281
1404
1433
1210
2601
1024
2207
870
1709
2131
1379
1389
1756
792
611
511
159
702
339
398
1165
726
465
2348
1310
1440
611
1286
477
393
310
1989
865
336
1790
841
613
648
357
459
189
643
622
751
1853
945
615
1418
1202
858
1735
2518
1828
3251
7675
6091
3524
2138
4389
1524
2881
5203
1674
2093
2498
2564
1250
834
592
716
592
1265
259
663
2034
3625
906
512
710
1180
1074
768
667
275
165
338
454
1301
415
589
1039
371
604
5167
4369
7280
5268
5880
11352
8833
3672
3392
3022
3629
1537
3426
2355
3561
3416
1908
4216
4459
1654
1772
5610
5891
6301
7840
2603
5303
5720
2170
2146
2075
1593
1711
1554
2025
1379
1097
527
1378
779
888
933
2283
2509
1153
1202
2481
876
2154
911
1646
1337
1209
708
489
404
1352
487
649
302
561
381
168
244
375
1085
2120
1799
696
1749
1413
1528
918
783
1267
1777
1479
2056
2914
1143
1813
5345
2877
2395
7665
2674
3716
3585
4544
3364
2221
842
2116
1602
1583
1914
1091
1198
787
4869
1248
493
1201
1347
1312
781
852
397
775
1571
827
428
921
257
541
1841
626
1552
2665
675
527
1592
432
2353
1252
773
714
1117
540
1413
635
1126
621
1405
2865
4494
2045
2817
3877
1595
1682
6132
2378
5971
4093
2458
3114
1709
1745
1643
3013
1984
779
1474
573
937
1673
4898
2794
1451
997
733
1276
577
2448
1151
561
629
2298
4174
1785
999
728
2131
7160
1973
1288
727
1417
1154
1058
942
912
646
656
1524
1842
1590
1397
3641
1097
1660
1809
1262
1307
1957
1760
2386
3100
1626
1185
2901
2693
4823
4690
3745
2426
1823
1156
1609
1268
3355
3103
1563
2176
1351
1301
1785
572
732
1364
972
2096
572
504
393
964
1480
3148
2600
1308
539
479
843
658
2674
1006
1208
695
402
870
1045
2107
2804
7828
461
1043
630
561
2009
1129
994
2011
1630
1344
0
0
0
5030
1256
2144
3960
5311
4021
3508
3897
4384
2955
2519
1895
1372
3061
2355
1580
1195
945
1182
1571
773
576
1024
1542
2211
654
841
796
504
674
1700
1619
564
454
676
1435
885
364
464
766
1209
1404
1021
411
314
273
697
286
712
509
257
1084
1467
1334
1302
828
1984
2262
1417
2826
7990
2117
2410
5755
4272
4156
3268
1764
1427
3922
2441
1293
2627
8157
2452
2666
3096
1487
1477
1164
2650
7670
4155
1835
2310
1067
512
1461
964
831
177
797
997
2240
1029
1781
1090
706
515
1553
572
521
359
526
594
526
454
566
290
2410
1013
1147
1518
1097
1327
1035
1835
1929
1317
4270
3198
898
1866
3023
3498
2697
3011
1364
1294
2940
2557
3595
930
3543
6159
5192
2379
1826
1183
1768
1559
2190
766
763
854
875
667
634
430
493
929
230
922
564
1850
1245
1202
2747
951
714
1955
927
2149
1941
1597
719
522
787
667
814
705
1135
1626
697
472
1203
1250
2212
1334
3467
3812
1628
1150
3153
5065
2288
2394
1447
2703
2501
2736
3085
7012
3771
5018
5812
3638
2310
711
6245
3890
3632
2076
2053
1002
2319
1619
1930
2250
1474
1048
689
386
2529
2258
564
845
957
819
880
578
301
255
698
596
387
971
884
590
547
2473
2486
1905
2894
2409
1694
2353
3010
2395
4454
3920
1748
1657
4795
3446
4106
6645
4785
2472
1914
2719
2215
1918
1044
7473
2928
1139
2147
1253
3345
5085
2284
1973
2857
2944
2380
1977
1131
4956
1618
1163
1072
756
1482
1574
781
1130
1216
717
435
826
862
1797
706
1692
1366
1791
3898
3695
3136
1575
4116
2131
3335
3088
2114
3158
2653
1990
2963
2317
1216
1151
2654
2887
1898
1794
1695
2710
1941
2840
2204
4403
3918
2103
2049
875
1441
4408
2038
890
1316
569
998
1306
665
1435
1395
969
401
1023
487
580
563
189
390
562
972
290
924
266
1747
1301
594
833
479
249
369
417
687
357
1701
752
629
530
904
1016
1291
858
2147
2129
841
1371
3286
1904
2314
1322
1680
2011
2075
1617
1275
1873
1342
773
2110
3046
1637
1698
1040
1857
528
474
920
996
1640
1505
453
235
401
347
252
248
391
405
225
625
486
829
266
206
385
218
329
432
126
1107
350
262
532
250
610
475
383
541
929
1198
1666
1076
2685
3808
2273
1964
7654
6678
2555
4182
3680
2633
11346
6986
5761
4730
2510
2262
1474
3790
2974
2291
1755
1221
628
1319
1237
1667
1232
1019
1242
1005
566
735
730
653
638
649
485
378
269
308
347
1293
668
1126
603
760
489
1290
1473
2056
4907
2318
2378
1736
969
972
2205
3191
2616
1525
2861
3841
2061
1799
6171
4366
3691
1873
2350
7224
2796
5349
5297
2729
3763
2988
1907
5964
4684
2892
2183
864
3279
1532
1839
1726
1182
1327
1232
916
582
1119
561
484
2174
1212
4169
1077
3132
1153
2142
973
1153
632
702
1468
446
617
418
798
835
407
1414
2184
825
659
1267
1414
1591
975
2268
3454
2130
961
4512
2745
2143
3622
9588
2369
3270
2767
2923
2252
6366
4559
2934
2481
1128
1290
1491
768
1821
1178
887
760
1280
851
1707
2041
1923
1844
2771
1495
930
1155
375
567
858
738
590
436
349
449
435
425
416
282
479
408
552
1217
2672
1276
1140
1358
1588
1821
2258
1480
2636
6168
2222
2495
10262
4555
5416
2675
3075
2032
8964
4371
6152
7613
3597
3153
2777
2361
2099
2032
1446
2150
5008
2378
1192
1631
1343
461
1338
1609
1884
1629
864
1749
2261
1128
1248
1008
743
578
1240
986
745
744
1706
4125
1327
2543
1987
1156
2807
1127
1969
2311
1270
1949
2530
8281
5511
3330
4509
4574
1907
1645
4893
2758
3948
5605
3809
1949
1789
2511
1866
5991
7327
7395
11917
5787
3533
3493
3261
5857
6449
4412
3337
2820
1663
1271
2813
2519
3893
2622
1581
1635
1634
4534
4137
2245
2015
3401
1421
1219
1406
1218
593
2316
4110
2809
2415
4778
2917
3322
1499
1711
1960
3613
3938
4945
2441
2440
2731
5453
3342
1491
7209
7363
5227
3785
3117
6966
6893
3781
4852
2369
2092
5902
3437
3804
2116
1678
1447
1872
1547
1452
3502
2509
1514
1444
919
393
1798
1797
2037
669
1156
1593
1730
1572
1938
1025
1552
1818
1780
2244
1790
725
1120
774
942
729
660
503
1473
897
1030
949
1473
1768
2089
1334
2231
6154
3103
2020
7088
4643
3822
5802
2843
6273
5394
3682
4834
3623
3151
2677
2603
1746
1600
1586
3063
4455
3982
3324
7860
3387
2022
1483
1467
1237
1202
2221
916
1603
1391
1765
1043
2462
571
643
1409
798
826
2526
888
748
1093
1056
606
2567
3324
3790
2888
1195
2464
1481
1670
2645
2792
1850
2893
2
190
309
170
76
46
90
53
152
61
294
234
68
200
244
140
67
97
37
139
23
20
27
29
87
146
62
79
51
119
241
172
63
94
39
43
42
133
45
50
28
71
180
97
62
64
80
93
168
188
81
63
47
65
138
32
45
72
78
66
196
180
217
52
31
56
164
33
136
139
168
78
71
56
66
50
139
63
42
25
67
47
122
87
26
81
113
153
76
49
106
134
386
459
687
275
333
334
238
247
162
107
141
89
61
142
181
154
318
428
190
314
367
380
163
216
196
103
49
43
313
351
188
79
103
182
53
42
87
34
27
42
234
175
40
17
51
80
27
29
28
18
25
32
55
180
19
120
49
48
63
111
91
45
25
7
29
31
16
29
182
60
187
301
314
5455
9040
18385
2042
1943
3846
1196
1356
1142
1032
190
309
170
76
46
90
53
152
61
294
234
68
200
244
140
67
97
37
139
23
20
27
29
87
146
62
79
51
119
241
172
63
94
39
43
42
133
45
50
28
71
180
97
62
64
80
93
168
188
81
63
47
65
138
32
45
72
78
66
196
180
217
52
31
56
164
33
136
139
168
78
71
56
66
50
139
63
42
25
67
47
122
87
26
81
113
153
76
49
106
134
386
459
687
275
333
334
238
247
162
107
141
89
61
142
181
154
318
428
190
314
367
380
163
216
196
103
49
43
313
351
188
79
103
182
53
42
87
34
27
42
234
175
40
17
51
80
27
29
28
18
25
32
55
180
19
120
49
48
63
111
91
45
25
7
29
31
16
29
182
60
187
301
314
5455
9040
18385
2042
1543
1378
1103
1826
1004
810
2415
